dealer	player	hit	stay	double	hit	stay	double
1	2A	0.295	0.113	0.226	[295, 125, 580]	[113, 0, 887]	[226, 72, 702]
1	3A	0.271	0.12	0.213	[271, 139, 590]	[120, 0, 880]	[213, 71, 716]
1	4	0.248	0.101	0.12	[248, 104, 648]	[101, 0, 899]	[120, 0, 880]
1	4A	0.268	0.117	0.201	[268, 138, 594]	[117, 0, 883]	[201, 72, 727]
1	5	0.179	0.119	0.089	[179, 105, 716]	[119, 0, 881]	[89, 0, 911]
1	5A	0.242	0.119	0.213	[242, 138, 620]	[119, 0, 881]	[213, 63, 724]
1	6	0.173	0.105	0.112	[347, 178, 1475]	[210, 0, 1790]	[224, 9, 1767]
1	6A	0.229	0.094	0.193	[229, 97, 674]	[94, 0, 906]	[193, 64, 743]
1	7	0.188	0.125	0.114	[376, 211, 1413]	[250, 0, 1750]	[228, 97, 1675]
1	7A	0.223	0.116	0.216	[223, 112, 665]	[116, 117, 767]	[216, 103, 681]
1	8	0.224	0.124	0.173	[672, 362, 1966]	[371, 0, 2629]	[518, 191, 2291]
1	8A	0.262	0.222	0.247	[262, 139, 599]	[222, 108, 670]	[247, 100, 653]
1	9	0.272	0.106	0.235	[815, 362, 1823]	[319, 0, 2681]	[706, 197, 2097]
1	9A	0.303	0.389	0.244	[303, 116, 581]	[389, 117, 494]	[244, 113, 643]
1	10	0.315	0.124	0.313	[1261, 493, 2246]	[497, 0, 3503]	[1250, 388, 2362]
1	10A	0.332	0.526	0.279	[332, 121, 547]	[526, 122, 352]	[279, 78, 643]
1	11	0.36	0.121	0.357	[1442, 728, 1830]	[485, 0, 3515]	[1429, 629, 1942]
1	11A	0.369	0.638	0.335	[1476, 692, 1832]	[2552, 1448, 0]	[1340, 588, 2072]
1	12	0.182	0.116	0.166	[1460, 641, 5899]	[924, 0, 7076]	[1329, 482, 6189]
1	12A	0.271	0.122	0.22	[271, 128, 601]	[122, 0, 878]	[220, 75, 705]
1	13	0.164	0.112	0.174	[1151, 558, 5291]	[787, 0, 6213]	[1215, 424, 5361]
1	13A	0.241	0.116	0.223	[241, 147, 612]	[116, 0, 884]	[223, 82, 695]
1	14	0.17	0.128	0.155	[1188, 536, 5276]	[893, 0, 6107]	[1087, 477, 5436]
1	14A	0.27	0.14	0.225	[270, 125, 605]	[140, 0, 860]	[225, 57, 718]
1	15	0.156	0.1	0.152	[938, 433, 4629]	[598, 0, 5402]	[910, 388, 4702]
1	15A	0.248	0.108	0.22	[248, 118, 634]	[108, 0, 892]	[220, 86, 694]
1	16	0.139	0.133	0.153	[834, 456, 4710]	[797, 0, 5203]	[916, 426, 4658]
1	16A	0.234	0.109	0.22	[234, 113, 653]	[109, 0, 891]	[220, 60, 720]
1	17	0.127	0.118	0.151	[634, 317, 4049]	[590, 669, 3741]	[757, 307, 3936]
1	17A	0.201	0.112	0.202	[201, 118, 681]	[112, 109, 779]	[202, 98, 700]
1	18	0.127	0.243	0.111	[636, 224, 4140]	[1214, 687, 3099]	[554, 212, 4234]
1	18A	0.254	0.249	0.248	[254, 136, 610]	[249, 120, 631]	[248, 100, 652]
1	19	0.087	0.393	0.103	[348, 96, 3556]	[1572, 520, 1908]	[412, 196, 3392]
1	19A	0.289	0.374	0.265	[289, 137, 574]	[374, 113, 513]	[265, 88, 647]
1	20	0.037	0.535	0.044	[148, 72, 3780]	[2140, 472, 1388]	[176, 64, 3760]
1	20A	0.301	0.512	0.276	[301, 115, 584]	[512, 118, 370]	[276, 80, 644]
2	2A	0.484	0.361	0.471	[484, 79, 437]	[361, 0, 639]	[471, 43, 486]
2	3A	0.446	0.374	0.467	[446, 94, 460]	[374, 0, 626]	[467, 47, 486]
2	4	0.363	0.367	0.396	[363, 82, 555]	[367, 0, 633]	[396, 0, 604]
2	4A	0.431	0.38	0.467	[431, 78, 491]	[380, 0, 620]	[467, 44, 489]
2	5	0.347	0.364	0.374	[347, 63, 590]	[364, 0, 636]	[374, 0, 626]
2	5A	0.411	0.356	0.457	[411, 94, 495]	[356, 0, 644]	[457, 39, 504]
2	6	0.335	0.348	0.346	[670, 139, 1191]	[696, 0, 1304]	[692, 34, 1274]
2	6A	0.379	0.367	0.457	[379, 67, 554]	[367, 0, 633]	[457, 41, 502]
2	7	0.355	0.355	0.362	[711, 187, 1102]	[710, 0, 1290]	[724, 99, 1177]
2	7A	0.427	0.36	0.487	[427, 106, 467]	[360, 126, 514]	[487, 80, 433]
2	8	0.411	0.343	0.434	[1234, 296, 1470]	[1030, 0, 1970]	[1301, 192, 1507]
2	8A	0.501	0.507	0.505	[501, 99, 400]	[507, 124, 369]	[505, 84, 411]
2	9	0.46	0.36	0.488	[1381, 298, 1321]	[1081, 0, 1919]	[1465, 254, 1281]
2	9A	0.506	0.622	0.535	[506, 93, 401]	[622, 150, 228]	[535, 67, 398]
2	10	0.526	0.371	0.569	[2105, 402, 1493]	[1485, 0, 2515]	[2275, 354, 1371]
2	10A	0.529	0.755	0.565	[529, 110, 361]	[755, 139, 106]	[565, 85, 350]
2	11	0.561	0.36	0.608	[2243, 393, 1364]	[1440, 0, 2560]	[2430, 306, 1264]
2	11A	0.575	0.883	0.609	[2300, 320, 1380]	[3532, 468, 0]	[2436, 276, 1288]
2	12	0.319	0.357	0.345	[2555, 487, 4958]	[2858, 0, 5142]	[2760, 408, 4832]
2	12A	0.486	0.362	0.489	[486, 87, 427]	[362, 0, 638]	[489, 46, 465]
2	13	0.293	0.343	0.312	[2052, 421, 4527]	[2399, 0, 4601]	[2184, 352, 4464]
2	13A	0.457	0.344	0.462	[457, 94, 449]	[344, 0, 656]	[462, 50, 488]
2	14	0.259	0.354	0.278	[1815, 385, 4800]	[2476, 0, 4524]	[1946, 369, 4685]
2	14A	0.417	0.385	0.437	[417, 101, 482]	[385, 0, 615]	[437, 44, 519]
2	15	0.27	0.349	0.255	[1621, 264, 4115]	[2094, 0, 3906]	[1529, 307, 4164]
2	15A	0.403	0.363	0.468	[403, 93, 504]	[363, 0, 637]	[468, 54, 478]
2	16	0.254	0.353	0.238	[1522, 256, 4222]	[2118, 0, 3882]	[1428, 333, 4239]
2	16A	0.374	0.371	0.459	[374, 95, 531]	[371, 0, 629]	[459, 46, 495]
2	17	0.225	0.344	0.227	[1127, 203, 3670]	[1720, 750, 2530]	[1133, 171, 3696]
2	17A	0.416	0.357	0.449	[416, 121, 463]	[357, 144, 499]	[449, 80, 471]
2	18	0.17	0.508	0.177	[848, 136, 4016]	[2541, 632, 1827]	[886, 129, 3985]
2	18A	0.437	0.517	0.493	[437, 103, 460]	[517, 115, 368]	[493, 67, 440]
2	19	0.098	0.612	0.112	[392, 52, 3556]	[2448, 596, 956]	[448, 64, 3488]
2	19A	0.493	0.626	0.51	[493, 108, 399]	[626, 145, 229]	[510, 71, 419]
2	20	0.06	0.77	0.072	[240, 56, 3704]	[3080, 496, 424]	[288, 52, 3660]
2	20A	0.517	0.762	0.541	[517, 99, 384]	[762, 113, 125]	[541, 94, 365]
3	2A	0.486	0.384	0.477	[486, 88, 426]	[384, 0, 616]	[477, 56, 467]
3	3A	0.461	0.352	0.485	[461, 83, 456]	[352, 0, 648]	[485, 46, 469]
3	4	0.39	0.346	0.396	[390, 82, 528]	[346, 0, 654]	[396, 0, 604]
3	4A	0.429	0.384	0.459	[429, 88, 483]	[384, 0, 616]	[459, 48, 493]
3	5	0.359	0.37	0.388	[359, 55, 586]	[370, 0, 630]	[388, 0, 612]
3	5A	0.427	0.39	0.475	[427, 60, 513]	[390, 0, 610]	[475, 52, 473]
3	6	0.331	0.383	0.376	[661, 147, 1192]	[766, 0, 1234]	[752, 17, 1231]
3	6A	0.409	0.389	0.48	[409, 77, 514]	[389, 0, 611]	[480, 36, 484]
3	7	0.377	0.367	0.4	[753, 182, 1065]	[735, 0, 1265]	[800, 108, 1092]
3	7A	0.448	0.387	0.487	[448, 82, 470]	[387, 120, 493]	[487, 79, 434]
3	8	0.414	0.378	0.436	[1243, 290, 1467]	[1134, 0, 1866]	[1308, 199, 1493]
3	8A	0.447	0.527	0.51	[447, 108, 445]	[527, 133, 340]	[510, 75, 415]
3	9	0.488	0.386	0.5	[1465, 315, 1220]	[1158, 0, 1842]	[1501, 238, 1261]
3	9A	0.507	0.618	0.517	[507, 110, 383]	[618, 135, 247]	[517, 88, 395]
3	10	0.533	0.379	0.58	[2134, 362, 1504]	[1516, 0, 2484]	[2320, 352, 1328]
3	10A	0.517	0.776	0.596	[517, 97, 386]	[776, 125, 99]	[596, 68, 336]
3	11	0.559	0.385	0.604	[2238, 432, 1330]	[1539, 0, 2461]	[2416, 323, 1261]
3	11A	0.548	0.887	0.579	[2192, 376, 1432]	[3548, 452, 0]	[2316, 276, 1408]
3	12	0.34	0.383	0.363	[2716, 451, 4833]	[3067, 0, 4933]	[2906, 382, 4712]
3	12A	0.494	0.384	0.489	[494, 80, 426]	[384, 0, 616]	[489, 47, 464]
3	13	0.311	0.368	0.32	[2178, 443, 4379]	[2576, 0, 4424]	[2243, 321, 4436]
3	13A	0.439	0.393	0.472	[439, 85, 476]	[393, 0, 607]	[472, 45, 483]
3	14	0.28	0.367	0.299	[1961, 358, 4681]	[2570, 0, 4430]	[2093, 333, 4574]
3	14A	0.455	0.377	0.463	[455, 61, 484]	[377, 0, 623]	[463, 37, 500]
3	15	0.256	0.377	0.279	[1538, 261, 4201]	[2264, 0, 3736]	[1674, 248, 4078]
3	15A	0.405	0.41	0.48	[405, 82, 513]	[410, 0, 590]	[480, 34, 486]
3	16	0.232	0.371	0.228	[1393, 336, 4271]	[2225, 0, 3775]	[1367, 250, 4383]
3	16A	0.38	0.371	0.459	[380, 69, 551]	[371, 0, 629]	[459, 41, 500]
3	17	0.209	0.371	0.218	[1047, 209, 3744]	[1853, 689, 2458]	[1091, 204, 3705]
3	17A	0.439	0.387	0.476	[439, 98, 463]	[387, 139, 474]	[476, 79, 445]
3	18	0.165	0.493	0.154	[824, 143, 4033]	[2464, 647, 1889]	[768, 170, 4062]
3	18A	0.464	0.518	0.515	[464, 97, 439]	[518, 138, 344]	[515, 71, 414]
3	19	0.13	0.626	0.143	[520, 96, 3384]	[2504, 560, 936]	[572, 64, 3364]
3	19A	0.519	0.649	0.523	[519, 97, 384]	[649, 125, 226]	[523, 87, 390]
3	20	0.051	0.759	0.06	[204, 28, 3768]	[3036, 476, 488]	[240, 52, 3708]
3	20A	0.544	0.747	0.592	[544, 98, 358]	[747, 140, 113]	[592, 65, 343]
4	2A	0.48	0.414	0.542	[480, 83, 437]	[414, 0, 586]	[542, 42, 416]
4	3A	0.462	0.391	0.512	[462, 88, 450]	[391, 0, 609]	[512, 42, 446]
4	4	0.376	0.426	0.4	[376, 84, 540]	[426, 0, 574]	[400, 0, 600]
4	4A	0.452	0.401	0.524	[452, 74, 474]	[401, 0, 599]	[524, 43, 433]
4	5	0.352	0.414	0.437	[352, 58, 590]	[414, 0, 586]	[437, 0, 563]
4	5A	0.412	0.445	0.485	[412, 83, 505]	[445, 0, 555]	[485, 41, 474]
4	6	0.341	0.436	0.402	[681, 131, 1188]	[873, 0, 1127]	[803, 13, 1184]
4	6A	0.412	0.419	0.487	[412, 65, 523]	[419, 0, 581]	[487, 29, 484]
4	7	0.396	0.434	0.443	[792, 191, 1017]	[869, 0, 1131]	[885, 105, 1010]
4	7A	0.445	0.398	0.498	[445, 105, 450]	[398, 135, 467]	[498, 59, 443]
4	8	0.455	0.413	0.488	[1364, 278, 1358]	[1238, 0, 1762]	[1464, 161, 1375]
4	8A	0.475	0.542	0.561	[475, 102, 423]	[542, 93, 365]	[561, 76, 363]
4	9	0.476	0.416	0.542	[1428, 283, 1289]	[1247, 0, 1753]	[1626, 195, 1179]
4	9A	0.504	0.648	0.548	[504, 91, 405]	[648, 129, 223]	[548, 70, 382]
4	10	0.547	0.405	0.607	[2190, 380, 1430]	[1619, 0, 2381]	[2429, 309, 1262]
4	10A	0.494	0.782	0.601	[494, 103, 403]	[782, 104, 114]	[601, 60, 339]
4	11	0.575	0.425	0.624	[2298, 375, 1327]	[1699, 0, 2301]	[2494, 318, 1188]
4	11A	0.574	0.892	0.587	[2296, 380, 1324]	[3568, 432, 0]	[2348, 288, 1364]
4	12	0.345	0.394	0.388	[2758, 473, 4769]	[3151, 0, 4849]	[3105, 364, 4531]
4	12A	0.509	0.416	0.521	[509, 78, 413]	[416, 0, 584]	[521, 44, 435]
4	13	0.304	0.415	0.339	[2127, 338, 4535]	[2906, 0, 4094]	[2376, 316, 4308]
4	13A	0.448	0.412	0.505	[448, 81, 471]	[412, 0, 588]	[505, 55, 440]
4	14	0.258	0.394	0.32	[1807, 338, 4855]	[2757, 0, 4243]	[2243, 288, 4469]
4	14A	0.441	0.429	0.513	[441, 78, 481]	[429, 0, 571]	[513, 48, 439]
4	15	0.252	0.388	0.271	[1510, 271, 4219]	[2327, 0, 3673]	[1627, 283, 4090]
4	15A	0.419	0.411	0.482	[419, 77, 504]	[411, 0, 589]	[482, 41, 477]
4	16	0.253	0.405	0.254	[1517, 243, 4240]	[2428, 0, 3572]	[1525, 269, 4206]
4	16A	0.392	0.437	0.513	[392, 57, 551]	[437, 0, 563]	[513, 43, 444]
4	17	0.212	0.385	0.213	[1061, 202, 3737]	[1923, 691, 2386]	[1063, 163, 3774]
4	17A	0.462	0.405	0.509	[462, 81, 457]	[405, 152, 443]	[509, 54, 437]
4	18	0.191	0.501	0.181	[955, 159, 3886]	[2505, 642, 1853]	[907, 128, 3965]
4	18A	0.526	0.544	0.539	[526, 97, 377]	[544, 112, 344]	[539, 72, 389]
4	19	0.145	0.637	0.139	[580, 68, 3352]	[2548, 468, 984]	[556, 88, 3356]
4	19A	0.503	0.649	0.567	[503, 84, 413]	[649, 120, 231]	[567, 71, 362]
4	20	0.065	0.79	0.058	[260, 48, 3692]	[3160, 400, 440]	[232, 32, 3736]
4	20A	0.554	0.784	0.568	[554, 91, 355]	[784, 99, 117]	[568, 77, 355]
5	2A	0.501	0.469	0.535	[501, 93, 406]	[469, 0, 531]	[535, 41, 424]
5	3A	0.457	0.435	0.528	[457, 82, 461]	[435, 0, 565]	[528, 35, 437]
5	4	0.384	0.431	0.432	[384, 57, 559]	[431, 0, 569]	[432, 0, 568]
5	4A	0.485	0.458	0.49	[485, 76, 439]	[458, 0, 542]	[490, 48, 462]
5	5	0.369	0.448	0.455	[369, 61, 570]	[448, 0, 552]	[455, 0, 545]
5	5A	0.414	0.415	0.55	[414, 57, 529]	[415, 0, 585]	[550, 44, 406]
5	6	0.376	0.451	0.44	[751, 124, 1125]	[901, 0, 1099]	[880, 18, 1102]
5	6A	0.427	0.469	0.519	[427, 73, 500]	[469, 0, 531]	[519, 35, 446]
5	7	0.4	0.446	0.454	[800, 185, 1015]	[892, 0, 1108]	[908, 98, 994]
5	7A	0.474	0.446	0.52	[474, 91, 435]	[446, 110, 444]	[520, 84, 396]
5	8	0.458	0.451	0.508	[1374, 277, 1349]	[1354, 0, 1646]	[1525, 172, 1303]
5	8A	0.473	0.537	0.513	[473, 110, 417]	[537, 135, 328]	[513, 82, 405]
5	9	0.511	0.454	0.565	[1533, 259, 1208]	[1363, 0, 1637]	[1695, 206, 1099]
5	9A	0.525	0.652	0.607	[525, 98, 377]	[652, 114, 234]	[607, 70, 323]
5	10	0.569	0.45	0.629	[2277, 358, 1365]	[1799, 0, 2201]	[2516, 308, 1176]
5	10A	0.541	0.799	0.604	[541, 96, 363]	[799, 95, 106]	[604, 66, 330]
5	11	0.584	0.445	0.641	[2337, 344, 1319]	[1780, 0, 2220]	[2565, 307, 1128]
5	11A	0.564	0.885	0.627	[2256, 340, 1404]	[3540, 460, 0]	[2508, 320, 1172]
5	12	0.344	0.438	0.387	[2754, 448, 4798]	[3500, 0, 4500]	[3097, 345, 4558]
5	12A	0.497	0.429	0.547	[497, 77, 426]	[429, 0, 571]	[547, 42, 411]
5	13	0.311	0.454	0.345	[2177, 356, 4467]	[3178, 0, 3822]	[2412, 233, 4355]
5	13A	0.458	0.44	0.552	[458, 98, 444]	[440, 0, 560]	[552, 53, 395]
5	14	0.295	0.447	0.337	[2064, 338, 4598]	[3129, 0, 3871]	[2356, 288, 4356]
5	14A	0.474	0.425	0.505	[474, 59, 467]	[425, 0, 575]	[505, 36, 459]
5	15	0.244	0.442	0.265	[1464, 284, 4252]	[2650, 0, 3350]	[1587, 218, 4195]
5	15A	0.437	0.425	0.536	[437, 65, 498]	[425, 0, 575]	[536, 36, 428]
5	16	0.254	0.424	0.268	[1522, 234, 4244]	[2544, 0, 3456]	[1607, 207, 4186]
5	16A	0.426	0.434	0.493	[426, 76, 498]	[434, 0, 566]	[493, 32, 475]
5	17	0.215	0.418	0.228	[1077, 164, 3759]	[2090, 655, 2255]	[1140, 199, 3661]
5	17A	0.493	0.454	0.545	[493, 94, 413]	[454, 111, 435]	[545, 69, 386]
5	18	0.188	0.538	0.184	[939, 125, 3936]	[2691, 658, 1651]	[918, 146, 3936]
5	18A	0.511	0.542	0.547	[511, 82, 407]	[542, 136, 322]	[547, 71, 382]
5	19	0.135	0.673	0.134	[540, 60, 3400]	[2692, 440, 868]	[536, 76, 3388]
5	19A	0.538	0.669	0.593	[538, 81, 381]	[669, 121, 210]	[593, 59, 348]
5	20	0.073	0.809	0.068	[292, 24, 3684]	[3236, 380, 384]	[272, 24, 3704]
5	20A	0.532	0.81	0.617	[532, 71, 397]	[810, 93, 97]	[617, 68, 315]
6	2A	0.546	0.437	0.551	[546, 65, 389]	[437, 0, 563]	[551, 38, 411]
6	3A	0.494	0.45	0.551	[494, 79, 427]	[450, 0, 550]	[551, 33, 416]
6	4	0.404	0.439	0.424	[404, 67, 529]	[439, 0, 561]	[424, 0, 576]
6	4A	0.496	0.443	0.522	[496, 81, 423]	[443, 0, 557]	[522, 36, 442]
6	5	0.414	0.405	0.416	[414, 61, 525]	[405, 0, 595]	[416, 0, 584]
6	5A	0.449	0.449	0.542	[449, 61, 490]	[449, 0, 551]	[542, 45, 413]
6	6	0.377	0.449	0.423	[754, 144, 1102]	[897, 0, 1103]	[847, 23, 1130]
6	6A	0.43	0.45	0.503	[430, 69, 501]	[450, 0, 550]	[503, 45, 452]
6	7	0.424	0.428	0.456	[848, 197, 955]	[856, 0, 1144]	[911, 138, 951]
6	7A	0.488	0.425	0.537	[488, 107, 405]	[425, 142, 433]	[537, 88, 375]
6	8	0.462	0.448	0.516	[1387, 280, 1333]	[1344, 0, 1656]	[1549, 184, 1267]
6	8A	0.508	0.599	0.527	[508, 86, 406]	[599, 100, 301]	[527, 78, 395]
6	9	0.536	0.427	0.556	[1609, 259, 1132]	[1282, 0, 1718]	[1668, 214, 1118]
6	9A	0.536	0.678	0.603	[536, 73, 391]	[678, 115, 207]	[603, 65, 332]
6	10	0.588	0.424	0.619	[2351, 349, 1300]	[1697, 0, 2303]	[2476, 302, 1222]
6	10A	0.545	0.798	0.623	[545, 98, 357]	[798, 103, 99]	[623, 60, 317]
6	11	0.577	0.44	0.648	[2306, 329, 1365]	[1758, 0, 2242]	[2591, 262, 1147]
6	11A	0.595	0.898	0.641	[2380, 308, 1312]	[3592, 408, 0]	[2564, 236, 1200]
6	12	0.335	0.424	0.386	[2676, 516, 4808]	[3392, 0, 4608]	[3088, 344, 4568]
6	12A	0.505	0.435	0.531	[505, 82, 413]	[435, 0, 565]	[531, 34, 435]
6	13	0.306	0.423	0.34	[2141, 357, 4502]	[2960, 0, 4040]	[2381, 308, 4311]
6	13A	0.517	0.446	0.534	[517, 63, 420]	[446, 0, 554]	[534, 44, 422]
6	14	0.286	0.428	0.33	[2002, 356, 4642]	[2996, 0, 4004]	[2307, 277, 4416]
6	14A	0.465	0.454	0.527	[465, 78, 457]	[454, 0, 546]	[527, 41, 432]
6	15	0.28	0.414	0.286	[1680, 276, 4044]	[2483, 0, 3517]	[1718, 301, 3981]
6	15A	0.47	0.416	0.532	[470, 61, 469]	[416, 0, 584]	[532, 35, 433]
6	16	0.284	0.415	0.284	[1703, 243, 4054]	[2489, 0, 3511]	[1705, 242, 4053]
6	16A	0.404	0.439	0.523	[404, 73, 523]	[439, 0, 561]	[523, 24, 453]
6	17	0.243	0.432	0.239	[1213, 160, 3627]	[2160, 894, 1946]	[1193, 164, 3643]
6	17A	0.444	0.42	0.529	[444, 111, 445]	[420, 130, 450]	[529, 92, 379]
6	18	0.199	0.578	0.191	[994, 133, 3873]	[2888, 538, 1574]	[957, 141, 3902]
6	18A	0.476	0.587	0.549	[476, 102, 422]	[587, 114, 299]	[549, 69, 382]
6	19	0.126	0.68	0.151	[504, 112, 3384]	[2720, 476, 804]	[604, 60, 3336]
6	19A	0.511	0.692	0.559	[511, 76, 413]	[692, 89, 219]	[559, 77, 364]
6	20	0.065	0.804	0.073	[260, 40, 3700]	[3216, 412, 372]	[292, 44, 3664]
6	20A	0.512	0.803	0.598	[512, 110, 378]	[803, 107, 90]	[598, 64, 338]
7	2A	0.548	0.286	0.441	[548, 89, 363]	[286, 0, 714]	[441, 55, 504]
7	3A	0.499	0.279	0.463	[499, 98, 403]	[279, 0, 721]	[463, 67, 470]
7	4	0.387	0.258	0.264	[387, 97, 516]	[258, 0, 742]	[264, 0, 736]
7	4A	0.495	0.261	0.423	[495, 105, 400]	[261, 0, 739]	[423, 55, 522]
7	5	0.388	0.26	0.25	[388, 77, 535]	[260, 0, 740]	[250, 0, 750]
7	5A	0.473	0.245	0.426	[473, 97, 430]	[245, 0, 755]	[426, 49, 525]
7	6	0.357	0.275	0.266	[715, 217, 1068]	[549, 0, 1451]	[532, 54, 1414]
7	6A	0.451	0.266	0.402	[451, 94, 455]	[266, 0, 734]	[402, 58, 540]
7	7	0.392	0.266	0.279	[784, 346, 870]	[532, 0, 1468]	[558, 278, 1164]
7	7A	0.444	0.27	0.452	[444, 177, 379]	[270, 367, 363]	[452, 145, 403]
7	8	0.489	0.274	0.421	[1466, 358, 1176]	[823, 0, 2177]	[1264, 238, 1498]
7	8A	0.531	0.622	0.487	[531, 116, 353]	[622, 128, 250]	[487, 94, 419]
7	9	0.532	0.251	0.507	[1595, 309, 1096]	[754, 0, 2246]	[1520, 222, 1258]
7	9A	0.556	0.769	0.56	[556, 104, 340]	[769, 83, 148]	[560, 67, 373]
7	10	0.591	0.271	0.575	[2364, 374, 1262]	[1082, 0, 2918]	[2300, 285, 1415]
7	10A	0.556	0.847	0.574	[556, 103, 341]	[847, 74, 79]	[574, 69, 357]
7	11	0.582	0.26	0.575	[2329, 408, 1263]	[1040, 0, 2960]	[2300, 288, 1412]
7	11A	0.585	0.933	0.609	[2340, 380, 1280]	[3732, 268, 0]	[2436, 304, 1260]
7	12	0.338	0.242	0.354	[2707, 545, 4748]	[1937, 0, 6063]	[2836, 408, 4756]
7	12A	0.518	0.281	0.444	[518, 104, 378]	[281, 0, 719]	[444, 62, 494]
7	13	0.327	0.256	0.306	[2286, 456, 4258]	[1793, 0, 5207]	[2139, 405, 4456]
7	13A	0.504	0.274	0.448	[504, 102, 394]	[274, 0, 726]	[448, 61, 491]
7	14	0.285	0.251	0.303	[1995, 439, 4566]	[1760, 0, 5240]	[2119, 384, 4497]
7	14A	0.481	0.265	0.423	[481, 77, 442]	[265, 0, 735]	[423, 56, 521]
7	15	0.289	0.233	0.27	[1737, 394, 3869]	[1397, 0, 4603]	[1621, 388, 3991]
7	15A	0.445	0.271	0.403	[445, 99, 456]	[271, 0, 729]	[403, 65, 532]
7	16	0.274	0.252	0.293	[1641, 333, 4026]	[1514, 0, 4486]	[1760, 329, 3911]
7	16A	0.431	0.25	0.429	[431, 85, 484]	[250, 0, 750]	[429, 45, 526]
7	17	0.256	0.245	0.262	[1278, 134, 3588]	[1227, 1876, 1897]	[1312, 160, 3528]
7	17A	0.457	0.254	0.45	[457, 159, 384]	[254, 397, 349]	[450, 143, 407]
7	18	0.201	0.644	0.2	[1004, 95, 3901]	[3218, 699, 1083]	[998, 118, 3884]
7	18A	0.537	0.632	0.528	[537, 105, 358]	[632, 127, 241]	[528, 84, 388]
7	19	0.133	0.765	0.148	[532, 68, 3400]	[3060, 288, 652]	[592, 52, 3356]
7	19A	0.548	0.773	0.537	[548, 80, 372]	[773, 84, 143]	[537, 76, 387]
7	20	0.086	0.847	0.071	[344, 20, 3636]	[3388, 328, 284]	[284, 32, 3684]
7	20A	0.575	0.828	0.534	[575, 86, 339]	[828, 87, 85]	[534, 80, 386]
8	2A	0.463	0.235	0.368	[463, 119, 418]	[235, 0, 765]	[368, 57, 575]
8	3A	0.455	0.253	0.386	[455, 114, 431]	[253, 0, 747]	[386, 47, 567]
8	4	0.386	0.246	0.224	[386, 94, 520]	[246, 0, 754]	[224, 0, 776]
8	4A	0.462	0.26	0.398	[462, 94, 444]	[260, 0, 740]	[398, 66, 536]
8	5	0.367	0.257	0.255	[367, 99, 534]	[257, 0, 743]	[255, 0, 745]
8	5A	0.387	0.262	0.389	[387, 112, 501]	[262, 0, 738]	[389, 71, 540]
8	6	0.348	0.227	0.238	[696, 155, 1149]	[453, 0, 1547]	[476, 18, 1506]
8	6A	0.424	0.24	0.379	[424, 105, 471]	[240, 0, 760]	[379, 56, 565]
8	7	0.3	0.254	0.254	[601, 236, 1163]	[507, 0, 1493]	[508, 146, 1346]
8	7A	0.421	0.227	0.407	[421, 116, 463]	[227, 152, 621]	[407, 101, 492]
8	8	0.398	0.237	0.336	[1195, 520, 1285]	[711, 0, 2289]	[1007, 393, 1600]
8	8A	0.441	0.393	0.422	[441, 177, 382]	[393, 387, 220]	[422, 150, 428]
8	9	0.489	0.228	0.464	[1467, 371, 1162]	[685, 0, 2315]	[1393, 244, 1363]
8	9A	0.528	0.738	0.495	[528, 107, 365]	[738, 114, 148]	[495, 77, 428]
8	10	0.56	0.231	0.546	[2240, 371, 1389]	[923, 0, 3077]	[2186, 293, 1521]
8	10A	0.5	0.858	0.553	[500, 121, 379]	[858, 72, 70]	[553, 64, 383]
8	11	0.549	0.235	0.554	[2196, 381, 1423]	[939, 0, 3061]	[2217, 292, 1491]
8	11A	0.541	0.932	0.534	[2164, 416, 1420]	[3728, 272, 0]	[2136, 288, 1576]
8	12	0.301	0.228	0.311	[2411, 658, 4931]	[1827, 0, 6173]	[2490, 473, 5037]
8	12A	0.491	0.235	0.413	[491, 106, 403]	[235, 0, 765]	[413, 52, 535]
8	13	0.296	0.232	0.268	[2071, 474, 4455]	[1621, 0, 5379]	[1879, 462, 4659]
8	13A	0.453	0.254	0.39	[453, 117, 430]	[254, 0, 746]	[390, 72, 538]
8	14	0.271	0.241	0.286	[1895, 474, 4631]	[1687, 0, 5313]	[2004, 358, 4638]
8	14A	0.458	0.235	0.419	[458, 92, 450]	[235, 0, 765]	[419, 51, 530]
8	15	0.274	0.237	0.266	[1644, 386, 3970]	[1424, 0, 4576]	[1598, 374, 4028]
8	15A	0.386	0.244	0.383	[386, 104, 510]	[244, 0, 756]	[383, 66, 551]
8	16	0.242	0.245	0.256	[1451, 367, 4182]	[1472, 0, 4528]	[1534, 372, 4094]
8	16A	0.413	0.234	0.385	[413, 85, 502]	[234, 0, 766]	[385, 46, 569]
8	17	0.229	0.241	0.254	[1145, 284, 3571]	[1207, 689, 3104]	[1268, 265, 3467]
8	17A	0.431	0.244	0.395	[431, 114, 455]	[244, 129, 627]	[395, 99, 506]
8	18	0.222	0.361	0.224	[1109, 113, 3778]	[1807, 1816, 1377]	[1118, 120, 3762]
8	18A	0.428	0.395	0.457	[428, 180, 392]	[395, 357, 248]	[457, 130, 413]
8	19	0.143	0.696	0.142	[572, 48, 3380]	[2784, 592, 624]	[568, 44, 3388]
8	19A	0.528	0.741	0.542	[528, 109, 363]	[741, 114, 145]	[542, 70, 388]
8	20	0.068	0.838	0.076	[272, 28, 3700]	[3352, 336, 312]	[304, 20, 3676]
8	20A	0.56	0.845	0.532	[560, 92, 348]	[845, 81, 74]	[532, 56, 412]
9	2A	0.444	0.235	0.345	[444, 125, 431]	[235, 0, 765]	[345, 60, 595]
9	3A	0.422	0.256	0.38	[422, 108, 470]	[256, 0, 744]	[380, 65, 555]
9	4	0.317	0.238	0.209	[317, 94, 589]	[238, 0, 762]	[209, 0, 791]
9	4A	0.41	0.241	0.387	[410, 103, 487]	[241, 0, 759]	[387, 47, 566]
9	5	0.326	0.254	0.258	[326, 94, 580]	[254, 0, 746]	[258, 0, 742]
9	5A	0.401	0.249	0.38	[401, 95, 504]	[249, 0, 751]	[380, 53, 567]
9	6	0.306	0.236	0.224	[612, 178, 1210]	[473, 0, 1527]	[448, 14, 1538]
9	6A	0.333	0.262	0.354	[333, 114, 553]	[262, 0, 738]	[354, 74, 572]
9	7	0.293	0.232	0.229	[587, 198, 1215]	[464, 0, 1536]	[458, 105, 1437]
9	7A	0.361	0.221	0.355	[361, 137, 502]	[221, 125, 654]	[355, 99, 546]
9	8	0.359	0.223	0.278	[1077, 305, 1618]	[669, 0, 2331]	[835, 223, 1942]
9	8A	0.396	0.357	0.365	[396, 120, 484]	[357, 95, 548]	[365, 76, 559]
9	9	0.397	0.212	0.351	[1192, 493, 1315]	[636, 0, 2364]	[1053, 428, 1519]
9	9A	0.4	0.481	0.428	[400, 170, 430]	[481, 359, 160]	[428, 148, 424]
9	10	0.51	0.236	0.502	[2040, 434, 1526]	[943, 0, 3057]	[2009, 357, 1634]
9	10A	0.477	0.826	0.486	[477, 79, 444]	[826, 103, 71]	[486, 81, 433]
9	11	0.513	0.233	0.512	[2051, 402, 1547]	[933, 0, 3067]	[2050, 303, 1647]
9	11A	0.529	0.933	0.494	[2116, 328, 1556]	[3732, 268, 0]	[1976, 284, 1740]
9	12	0.283	0.231	0.264	[2263, 621, 5116]	[1846, 0, 6154]	[2111, 458, 5431]
9	12A	0.414	0.237	0.379	[414, 124, 462]	[237, 0, 763]	[379, 57, 564]
9	13	0.273	0.233	0.279	[1908, 519, 4573]	[1628, 0, 5372]	[1954, 483, 4563]
9	13A	0.449	0.228	0.391	[449, 116, 435]	[228, 0, 772]	[391, 77, 532]
9	14	0.247	0.234	0.264	[1728, 505, 4767]	[1636, 0, 5364]	[1851, 374, 4775]
9	14A	0.42	0.229	0.358	[420, 116, 464]	[229, 0, 771]	[358, 56, 586]
9	15	0.231	0.225	0.23	[1386, 428, 4186]	[1350, 0, 4650]	[1382, 345, 4273]
9	15A	0.396	0.216	0.373	[396, 90, 514]	[216, 0, 784]	[373, 47, 580]
9	16	0.238	0.224	0.217	[1428, 373, 4199]	[1346, 0, 4654]	[1303, 357, 4340]
9	16A	0.324	0.228	0.331	[324, 86, 590]	[228, 0, 772]	[331, 66, 603]
9	17	0.203	0.246	0.213	[1015, 247, 3738]	[1229, 624, 3147]	[1065, 270, 3665]
9	17A	0.389	0.217	0.382	[389, 105, 506]	[217, 135, 648]	[382, 95, 523]
9	18	0.185	0.376	0.182	[924, 224, 3852]	[1879, 510, 2611]	[910, 195, 3895]
9	18A	0.4	0.373	0.407	[400, 121, 479]	[373, 110, 517]	[407, 85, 508]
9	19	0.148	0.447	0.157	[592, 52, 3356]	[1788, 1456, 756]	[628, 36, 3336]
9	19A	0.433	0.45	0.397	[433, 182, 385]	[450, 392, 158]	[397, 140, 463]
9	20	0.083	0.796	0.077	[332, 20, 3648]	[3184, 560, 256]	[308, 28, 3664]
9	20A	0.503	0.828	0.483	[503, 96, 401]	[828, 95, 77]	[483, 67, 450]
10	2A	0.363	0.237	0.342	[1452, 528, 2020]	[948, 0, 3052]	[1368, 256, 2376]
10	3A	0.382	0.234	0.323	[1528, 476, 1996]	[936, 0, 3064]	[1292, 252, 2456]
10	4	0.3	0.218	0.21	[1200, 392, 2408]	[872, 0, 3128]	[840, 0, 3160]
10	4A	0.352	0.196	0.342	[1408, 428, 2164]	[784, 0, 3216]	[1368, 244, 2388]
10	5	0.262	0.234	0.195	[1048, 400, 2552]	[936, 0, 3064]	[780, 0, 3220]
10	5A	0.342	0.23	0.323	[1368, 444, 2188]	[920, 0, 3080]	[1292, 276, 2432]
10	6	0.24	0.211	0.208	[1924, 776, 5300]	[1688, 0, 6312]	[1664, 96, 6240]
10	6A	0.306	0.228	0.317	[1224, 460, 2316]	[912, 0, 3088]	[1268, 212, 2520]
10	7	0.258	0.212	0.226	[2064, 788, 5148]	[1700, 0, 6300]	[1808, 340, 5852]
10	7A	0.341	0.196	0.317	[1364, 488, 2148]	[784, 492, 2724]	[1268, 364, 2368]
10	8	0.292	0.208	0.27	[3504, 1220, 7276]	[2496, 0, 9504]	[3244, 668, 8088]
10	8A	0.34	0.313	0.331	[1360, 468, 2172]	[1252, 548, 2200]	[1324, 436, 2240]
10	9	0.34	0.216	0.314	[4080, 1364, 6556]	[2596, 0, 9404]	[3768, 1004, 7228]
10	9A	0.372	0.442	0.38	[1488, 420, 2092]	[1768, 452, 1780]	[1520, 320, 2160]
10	10	0.403	0.207	0.405	[6452, 2472, 7076]	[3308, 0, 12692]	[6484, 1864, 7652]
10	10A	0.41	0.559	0.391	[1640, 580, 1780]	[2236, 1412, 352]	[1564, 496, 1940]
10	11	0.46	0.215	0.473	[7356, 1848, 6796]	[3436, 0, 12564]	[7572, 1364, 7064]
10	11A	0.447	0.897	0.449	[3129, 1099, 2772]	[6279, 721, 0]	[3143, 616, 3241]
10	12	0.26	0.216	0.253	[5974, 1859, 15167]	[4978, 0, 18022]	[5823, 1499, 15678]
10	12A	0.39	0.209	0.351	[1560, 384, 2056]	[836, 0, 3164]	[1404, 260, 2336]
10	13	0.234	0.211	0.235	[4447, 1343, 13210]	[4018, 0, 14982]	[4467, 1110, 13423]
10	13A	0.354	0.239	0.317	[1416, 504, 2080]	[956, 0, 3044]	[1268, 300, 2432]
10	14	0.213	0.204	0.206	[4056, 1235, 13709]	[3872, 0, 15128]	[3921, 1059, 14020]
10	14A	0.344	0.217	0.317	[1376, 440, 2184]	[868, 0, 3132]	[1268, 200, 2532]
10	15	0.197	0.212	0.21	[2954, 911, 11135]	[3177, 0, 11823]	[3156, 1029, 10815]
10	15A	0.354	0.231	0.298	[1416, 384, 2200]	[924, 0, 3076]	[1192, 236, 2572]
10	16	0.185	0.204	0.185	[2772, 1016, 11212]	[3054, 0, 11946]	[2773, 1175, 11052]
10	16A	0.285	0.224	0.318	[1140, 456, 2404]	[896, 0, 3104]	[1272, 228, 2500]
10	17	0.176	0.191	0.172	[1938, 550, 8512]	[2097, 1294, 7609]	[1893, 624, 8483]
10	17A	0.312	0.221	0.325	[1248, 464, 2288]	[884, 484, 2632]	[1300, 332, 2368]
10	18	0.149	0.333	0.158	[1643, 472, 8885]	[3666, 1221, 6113]	[1737, 518, 8745]
10	18A	0.328	0.339	0.36	[1312, 432, 2256]	[1356, 472, 2172]	[1440, 408, 2152]
10	19	0.109	0.453	0.118	[763, 273, 5964]	[3171, 742, 3087]	[826, 175, 5999]
10	19A	0.366	0.42	0.374	[1464, 508, 2028]	[1680, 568, 1752]	[1496, 348, 2156]
10	20	0.072	0.53	0.071	[504, 28, 6468]	[3710, 2415, 875]	[497, 49, 6454]
10	20A	0.397	0.565	0.378	[1588, 688, 1724]	[2260, 1344, 396]	[1512, 536, 1952]
