dealer	player	hit	stay	double	hit	stay	double
1	2A	0.285	0.115	0.199	[285, 133, 582]	[115, 0, 885]	[199, 64, 737]
1	3A	0.251	0.113	0.211	[251, 121, 628]	[113, 0, 887]	[211, 60, 729]
1	4	0.234	0.112	0.115	[234, 93, 673]	[112, 0, 888]	[115, 0, 885]
1	4A	0.265	0.102	0.203	[265, 136, 599]	[102, 0, 898]	[203, 85, 712]
1	5	0.222	0.114	0.123	[222, 100, 678]	[114, 0, 886]	[123, 0, 877]
1	5A	0.224	0.14	0.186	[224, 124, 652]	[140, 0, 860]	[186, 79, 735]
1	6	0.203	0.125	0.112	[407, 199, 1394]	[250, 0, 1750]	[223, 19, 1758]
1	6A	0.233	0.111	0.215	[233, 125, 642]	[111, 0, 889]	[215, 64, 721]
1	7	0.2	0.11	0.116	[400, 216, 1384]	[219, 0, 1781]	[232, 98, 1670]
1	7A	0.235	0.099	0.215	[235, 122, 643]	[99, 141, 760]	[215, 111, 674]
1	8	0.226	0.114	0.165	[679, 319, 2002]	[343, 0, 2657]	[495, 183, 2322]
1	8A	0.285	0.271	0.257	[285, 137, 578]	[271, 133, 596]	[257, 91, 652]
1	9	0.277	0.118	0.254	[831, 383, 1786]	[353, 0, 2647]	[761, 207, 2032]
1	9A	0.308	0.345	0.29	[308, 122, 570]	[345, 135, 520]	[290, 97, 613]
1	10	0.323	0.114	0.302	[1292, 504, 2204]	[454, 0, 3546]	[1209, 384, 2407]
1	10A	0.323	0.501	0.307	[323, 121, 556]	[501, 131, 368]	[307, 110, 583]
1	11	0.343	0.117	0.344	[1371, 734, 1895]	[468, 0, 3532]	[1376, 592, 2032]
1	11A	0.355	0.63	0.354	[1420, 756, 1824]	[2520, 1480, 0]	[1416, 584, 2000]
1	12	0.197	0.099	0.176	[1574, 717, 5709]	[794, 0, 7206]	[1405, 544, 6051]
1	12A	0.298	0.116	0.218	[298, 140, 562]	[116, 0, 884]	[218, 63, 719]
1	13	0.191	0.118	0.173	[1335, 603, 5062]	[826, 0, 6174]	[1213, 467, 5320]
1	13A	0.279	0.099	0.197	[279, 152, 569]	[99, 0, 901]	[197, 75, 728]
1	14	0.171	0.117	0.168	[1194, 556, 5250]	[818, 0, 6182]	[1179, 451, 5370]
1	14A	0.271	0.128	0.212	[271, 125, 604]	[128, 0, 872]	[212, 66, 722]
1	15	0.148	0.123	0.151	[890, 431, 4679]	[740, 0, 5260]	[905, 438, 4657]
1	15A	0.265	0.144	0.226	[265, 122, 613]	[144, 0, 856]	[226, 54, 720]
1	16	0.159	0.127	0.144	[954, 384, 4662]	[763, 0, 5237]	[862, 432, 4706]
1	16A	0.256	0.119	0.191	[256, 134, 610]	[119, 0, 881]	[191, 52, 757]
1	17	0.122	0.116	0.157	[608, 276, 4116]	[580, 590, 3830]	[786, 268, 3946]
1	17A	0.242	0.112	0.204	[242, 120, 638]	[112, 135, 753]	[204, 103, 693]
1	18	0.133	0.255	0.109	[666, 197, 4137]	[1274, 587, 3139]	[543, 231, 4226]
1	18A	0.273	0.252	0.247	[273, 135, 592]	[252, 121, 627]	[247, 87, 666]
1	19	0.075	0.37	0.098	[300, 144, 3556]	[1480, 520, 2000]	[392, 140, 3468]
1	19A	0.312	0.368	0.302	[312, 130, 558]	[368, 117, 515]	[302, 99, 599]
1	20	0.041	0.531	0.05	[164, 104, 3732]	[2124, 544, 1332]	[200, 124, 3676]
1	20A	0.305	0.482	0.313	[305, 116, 579]	[482, 125, 393]	[313, 111, 576]
2	2A	0.468	0.351	0.476	[468, 94, 438]	[351, 0, 649]	[476, 49, 475]
2	3A	0.448	0.356	0.451	[448, 95, 457]	[356, 0, 644]	[451, 56, 493]
2	4	0.359	0.363	0.351	[359, 78, 563]	[363, 0, 637]	[351, 0, 649]
2	4A	0.43	0.347	0.433	[430, 101, 469]	[347, 0, 653]	[433, 42, 525]
2	5	0.345	0.335	0.374	[345, 60, 595]	[335, 0, 665]	[374, 0, 626]
2	5A	0.419	0.347	0.486	[419, 78, 503]	[347, 0, 653]	[486, 50, 464]
2	6	0.346	0.366	0.348	[693, 156, 1151]	[732, 0, 1268]	[696, 16, 1288]
2	6A	0.43	0.351	0.472	[430, 85, 485]	[351, 0, 649]	[472, 38, 490]
2	7	0.385	0.333	0.362	[769, 194, 1037]	[666, 0, 1334]	[724, 96, 1180]
2	7A	0.43	0.367	0.449	[430, 96, 474]	[367, 129, 504]	[449, 73, 478]
2	8	0.416	0.353	0.414	[1248, 315, 1437]	[1059, 0, 1941]	[1243, 207, 1550]
2	8A	0.44	0.514	0.503	[440, 112, 448]	[514, 141, 345]	[503, 82, 415]
2	9	0.477	0.326	0.484	[1430, 278, 1292]	[979, 0, 2021]	[1453, 186, 1361]
2	9A	0.502	0.618	0.525	[502, 94, 404]	[618, 147, 235]	[525, 75, 400]
2	10	0.52	0.365	0.548	[2079, 391, 1530]	[1459, 0, 2541]	[2193, 321, 1486]
2	10A	0.516	0.774	0.55	[516, 98, 386]	[774, 119, 107]	[550, 88, 362]
2	11	0.554	0.368	0.578	[2215, 380, 1405]	[1474, 0, 2526]	[2311, 330, 1359]
2	11A	0.527	0.879	0.577	[2108, 348, 1544]	[3516, 484, 0]	[2308, 268, 1424]
2	12	0.32	0.364	0.355	[2560, 544, 4896]	[2910, 0, 5090]	[2840, 438, 4722]
2	12A	0.47	0.372	0.463	[470, 92, 438]	[372, 0, 628]	[463, 45, 492]
2	13	0.291	0.362	0.35	[2038, 494, 4468]	[2531, 0, 4469]	[2450, 365, 4185]
2	13A	0.438	0.348	0.471	[438, 93, 469]	[348, 0, 652]	[471, 33, 496]
2	14	0.282	0.338	0.287	[1971, 423, 4606]	[2367, 0, 4633]	[2007, 324, 4669]
2	14A	0.452	0.349	0.484	[452, 68, 480]	[349, 0, 651]	[484, 48, 468]
2	15	0.277	0.369	0.271	[1660, 324, 4016]	[2214, 0, 3786]	[1623, 267, 4110]
2	15A	0.413	0.326	0.471	[413, 74, 513]	[326, 0, 674]	[471, 48, 481]
2	16	0.248	0.38	0.248	[1489, 279, 4232]	[2282, 0, 3718]	[1487, 254, 4259]
2	16A	0.387	0.356	0.472	[387, 94, 519]	[356, 0, 644]	[472, 45, 483]
2	17	0.213	0.362	0.2	[1063, 242, 3695]	[1811, 681, 2508]	[1000, 153, 3847]
2	17A	0.407	0.355	0.457	[407, 92, 501]	[355, 161, 484]	[457, 79, 464]
2	18	0.185	0.484	0.174	[926, 140, 3934]	[2421, 650, 1929]	[869, 114, 4017]
2	18A	0.445	0.488	0.511	[445, 97, 458]	[488, 136, 376]	[511, 94, 395]
2	19	0.145	0.636	0.12	[580, 48, 3372]	[2544, 484, 972]	[480, 72, 3448]
2	19A	0.478	0.612	0.519	[478, 103, 419]	[612, 143, 245]	[519, 80, 401]
2	20	0.067	0.74	0.073	[268, 48, 3684]	[2960, 548, 492]	[292, 44, 3664]
2	20A	0.494	0.77	0.553	[494, 94, 412]	[770, 111, 119]	[553, 79, 368]
3	2A	0.473	0.374	0.456	[473, 111, 416]	[374, 0, 626]	[456, 59, 485]
3	3A	0.486	0.408	0.484	[486, 96, 418]	[408, 0, 592]	[484, 44, 472]
3	4	0.361	0.396	0.373	[361, 73, 566]	[396, 0, 604]	[373, 0, 627]
3	4A	0.465	0.371	0.471	[465, 75, 460]	[371, 0, 629]	[471, 51, 478]
3	5	0.352	0.388	0.375	[352, 63, 585]	[388, 0, 612]	[375, 0, 625]
3	5A	0.426	0.372	0.471	[426, 80, 494]	[372, 0, 628]	[471, 48, 481]
3	6	0.349	0.368	0.373	[699, 150, 1151]	[736, 0, 1264]	[747, 14, 1239]
3	6A	0.386	0.385	0.476	[386, 91, 523]	[385, 0, 615]	[476, 41, 483]
3	7	0.357	0.383	0.395	[714, 194, 1092]	[766, 0, 1234]	[789, 97, 1114]
3	7A	0.443	0.366	0.476	[443, 97, 460]	[366, 128, 506]	[476, 96, 428]
3	8	0.436	0.375	0.432	[1307, 303, 1390]	[1125, 0, 1875]	[1297, 180, 1523]
3	8A	0.492	0.527	0.514	[492, 91, 417]	[527, 101, 372]	[514, 67, 419]
3	9	0.479	0.381	0.506	[1437, 289, 1274]	[1144, 0, 1856]	[1519, 195, 1286]
3	9A	0.471	0.634	0.514	[471, 96, 433]	[634, 124, 242]	[514, 86, 400]
3	10	0.519	0.373	0.575	[2077, 398, 1525]	[1493, 0, 2507]	[2301, 310, 1389]
3	10A	0.523	0.767	0.568	[523, 106, 371]	[767, 112, 121]	[568, 63, 369]
3	11	0.555	0.373	0.601	[2221, 370, 1409]	[1494, 0, 2506]	[2404, 299, 1297]
3	11A	0.553	0.879	0.596	[2212, 380, 1408]	[3516, 484, 0]	[2384, 244, 1372]
3	12	0.337	0.38	0.37	[2692, 487, 4821]	[3038, 0, 4962]	[2959, 329, 4712]
3	12A	0.478	0.369	0.523	[478, 111, 411]	[369, 0, 631]	[523, 47, 430]
3	13	0.3	0.374	0.322	[2103, 435, 4462]	[2618, 0, 4382]	[2251, 303, 4446]
3	13A	0.47	0.372	0.471	[470, 88, 442]	[372, 0, 628]	[471, 40, 489]
3	14	0.283	0.391	0.314	[1984, 406, 4610]	[2736, 0, 4264]	[2201, 381, 4418]
3	14A	0.432	0.382	0.459	[432, 94, 474]	[382, 0, 618]	[459, 48, 493]
3	15	0.267	0.362	0.262	[1601, 322, 4077]	[2172, 0, 3828]	[1572, 264, 4164]
3	15A	0.432	0.385	0.493	[432, 89, 479]	[385, 0, 615]	[493, 47, 460]
3	16	0.245	0.374	0.245	[1469, 206, 4325]	[2244, 0, 3756]	[1471, 263, 4266]
3	16A	0.391	0.352	0.5	[391, 71, 538]	[352, 0, 648]	[500, 41, 459]
3	17	0.214	0.386	0.231	[1068, 224, 3708]	[1930, 662, 2408]	[1156, 151, 3693]
3	17A	0.495	0.391	0.487	[495, 82, 423]	[391, 143, 466]	[487, 76, 437]
3	18	0.161	0.48	0.177	[807, 132, 4061]	[2398, 638, 1964]	[884, 140, 3976]
3	18A	0.484	0.487	0.491	[484, 96, 420]	[487, 125, 388]	[491, 73, 436]
3	19	0.129	0.647	0.11	[516, 44, 3440]	[2588, 496, 916]	[440, 76, 3484]
3	19A	0.521	0.634	0.556	[521, 102, 377]	[634, 117, 249]	[556, 74, 370]
3	20	0.079	0.787	0.064	[316, 44, 3640]	[3148, 464, 388]	[256, 56, 3688]
3	20A	0.547	0.794	0.593	[547, 97, 356]	[794, 109, 97]	[593, 67, 340]
4	2A	0.485	0.41	0.483	[485, 99, 416]	[410, 0, 590]	[483, 55, 462]
4	3A	0.46	0.377	0.472	[460, 83, 457]	[377, 0, 623]	[472, 49, 479]
4	4	0.4	0.397	0.394	[400, 77, 523]	[397, 0, 603]	[394, 0, 606]
4	4A	0.454	0.404	0.507	[454, 93, 453]	[404, 0, 596]	[507, 47, 446]
4	5	0.346	0.405	0.374	[346, 68, 586]	[405, 0, 595]	[374, 0, 626]
4	5A	0.422	0.386	0.491	[422, 84, 494]	[386, 0, 614]	[491, 49, 460]
4	6	0.35	0.396	0.39	[700, 133, 1167]	[791, 0, 1209]	[780, 21, 1199]
4	6A	0.42	0.391	0.477	[420, 72, 508]	[391, 0, 609]	[477, 43, 480]
4	7	0.397	0.409	0.405	[794, 173, 1033]	[818, 0, 1182]	[809, 99, 1092]
4	7A	0.439	0.411	0.462	[439, 86, 475]	[411, 134, 455]	[462, 86, 452]
4	8	0.441	0.389	0.46	[1322, 272, 1406]	[1167, 0, 1833]	[1379, 178, 1443]
4	8A	0.494	0.548	0.513	[494, 92, 414]	[548, 127, 325]	[513, 77, 410]
4	9	0.458	0.377	0.516	[1374, 288, 1338]	[1130, 0, 1870]	[1549, 197, 1254]
4	9A	0.483	0.659	0.559	[483, 106, 411]	[659, 125, 216]	[559, 76, 365]
4	10	0.542	0.401	0.589	[2170, 370, 1460]	[1604, 0, 2396]	[2355, 281, 1364]
4	10A	0.542	0.786	0.586	[542, 90, 368]	[786, 110, 104]	[586, 62, 352]
4	11	0.568	0.396	0.611	[2273, 366, 1361]	[1584, 0, 2416]	[2445, 286, 1269]
4	11A	0.554	0.888	0.625	[2216, 376, 1408]	[3552, 448, 0]	[2500, 276, 1224]
4	12	0.346	0.408	0.358	[2768, 515, 4717]	[3263, 0, 4737]	[2866, 383, 4751]
4	12A	0.476	0.39	0.466	[476, 95, 429]	[390, 0, 610]	[466, 52, 482]
4	13	0.32	0.393	0.331	[2240, 427, 4333]	[2754, 0, 4246]	[2316, 322, 4362]
4	13A	0.49	0.402	0.487	[490, 97, 413]	[402, 0, 598]	[487, 38, 475]
4	14	0.296	0.395	0.31	[2069, 360, 4571]	[2762, 0, 4238]	[2172, 295, 4533]
4	14A	0.455	0.38	0.468	[455, 81, 464]	[380, 0, 620]	[468, 47, 485]
4	15	0.281	0.386	0.278	[1688, 283, 4029]	[2314, 0, 3686]	[1669, 300, 4031]
4	15A	0.426	0.389	0.49	[426, 89, 485]	[389, 0, 611]	[490, 41, 469]
4	16	0.259	0.386	0.239	[1551, 273, 4176]	[2315, 0, 3685]	[1432, 237, 4331]
4	16A	0.409	0.389	0.485	[409, 87, 504]	[389, 0, 611]	[485, 46, 469]
4	17	0.213	0.409	0.212	[1065, 207, 3728]	[2043, 634, 2323]	[1058, 192, 3750]
4	17A	0.437	0.402	0.472	[437, 89, 474]	[402, 125, 473]	[472, 73, 455]
4	18	0.172	0.525	0.173	[861, 172, 3967]	[2624, 675, 1701]	[863, 129, 4008]
4	18A	0.503	0.538	0.525	[503, 91, 406]	[538, 124, 338]	[525, 73, 402]
4	19	0.126	0.647	0.129	[504, 64, 3432]	[2588, 496, 916]	[516, 52, 3432]
4	19A	0.49	0.663	0.571	[490, 92, 418]	[663, 116, 221]	[571, 79, 350]
4	20	0.059	0.783	0.06	[236, 48, 3716]	[3132, 420, 448]	[240, 64, 3696]
4	20A	0.525	0.77	0.613	[525, 106, 369]	[770, 122, 108]	[613, 63, 324]
5	2A	0.489	0.439	0.529	[489, 106, 405]	[439, 0, 561]	[529, 37, 434]
5	3A	0.469	0.426	0.524	[469, 83, 448]	[426, 0, 574]	[524, 43, 433]
5	4	0.361	0.38	0.39	[361, 73, 566]	[380, 0, 620]	[390, 0, 610]
5	4A	0.462	0.424	0.512	[462, 80, 458]	[424, 0, 576]	[512, 40, 448]
5	5	0.393	0.401	0.417	[393, 71, 536]	[401, 0, 599]	[417, 0, 583]
5	5A	0.44	0.423	0.506	[440, 89, 471]	[423, 0, 577]	[506, 45, 449]
5	6	0.362	0.428	0.43	[724, 132, 1144]	[857, 0, 1143]	[860, 24, 1116]
5	6A	0.443	0.422	0.513	[443, 95, 462]	[422, 0, 578]	[513, 44, 443]
5	7	0.406	0.424	0.434	[813, 164, 1023]	[848, 0, 1152]	[869, 89, 1042]
5	7A	0.497	0.414	0.525	[497, 85, 418]	[414, 149, 437]	[525, 61, 414]
5	8	0.444	0.43	0.479	[1332, 281, 1387]	[1291, 0, 1709]	[1436, 181, 1383]
5	8A	0.48	0.565	0.587	[480, 98, 422]	[565, 112, 323]	[587, 63, 350]
5	9	0.495	0.421	0.549	[1484, 250, 1266]	[1264, 0, 1736]	[1646, 180, 1174]
5	9A	0.529	0.619	0.562	[529, 74, 397]	[619, 133, 248]	[562, 82, 356]
5	10	0.559	0.426	0.59	[2238, 345, 1417]	[1705, 0, 2295]	[2358, 319, 1323]
5	10A	0.564	0.78	0.583	[564, 81, 355]	[780, 127, 93]	[583, 68, 349]
5	11	0.572	0.412	0.601	[2286, 343, 1371]	[1649, 0, 2351]	[2405, 283, 1312]
5	11A	0.539	0.884	0.652	[2156, 380, 1464]	[3536, 464, 0]	[2608, 308, 1084]
5	12	0.336	0.428	0.374	[2687, 477, 4836]	[3423, 0, 4577]	[2994, 378, 4628]
5	12A	0.509	0.401	0.518	[509, 101, 390]	[401, 0, 599]	[518, 41, 441]
5	13	0.314	0.402	0.357	[2197, 412, 4391]	[2811, 0, 4189]	[2500, 374, 4126]
5	13A	0.457	0.433	0.524	[457, 84, 459]	[433, 0, 567]	[524, 42, 434]
5	14	0.291	0.39	0.329	[2036, 401, 4563]	[2732, 0, 4268]	[2300, 321, 4379]
5	14A	0.443	0.426	0.53	[443, 78, 479]	[426, 0, 574]	[530, 49, 421]
5	15	0.287	0.416	0.287	[1723, 266, 4011]	[2497, 0, 3503]	[1720, 233, 4047]
5	15A	0.458	0.423	0.509	[458, 80, 462]	[423, 0, 577]	[509, 40, 451]
5	16	0.256	0.413	0.25	[1534, 292, 4174]	[2477, 0, 3523]	[1501, 270, 4229]
5	16A	0.434	0.433	0.53	[434, 68, 498]	[433, 0, 567]	[530, 39, 431]
5	17	0.224	0.416	0.223	[1118, 200, 3682]	[2080, 623, 2297]	[1115, 174, 3711]
5	17A	0.482	0.436	0.487	[482, 79, 439]	[436, 120, 444]	[487, 86, 427]
5	18	0.183	0.552	0.174	[913, 106, 3981]	[2758, 629, 1613]	[869, 151, 3980]
5	18A	0.484	0.521	0.521	[484, 101, 415]	[521, 155, 324]	[521, 88, 391]
5	19	0.149	0.665	0.118	[596, 88, 3316]	[2660, 476, 864]	[472, 68, 3460]
5	19A	0.495	0.652	0.58	[495, 109, 396]	[652, 131, 217]	[580, 68, 352]
5	20	0.057	0.779	0.06	[228, 20, 3752]	[3116, 472, 412]	[240, 48, 3712]
5	20A	0.557	0.76	0.606	[557, 91, 352]	[760, 129, 111]	[606, 76, 318]
6	2A	0.512	0.436	0.543	[512, 92, 396]	[436, 0, 564]	[543, 41, 416]
6	3A	0.508	0.393	0.507	[508, 64, 428]	[393, 0, 607]	[507, 51, 442]
6	4	0.416	0.439	0.42	[416, 61, 523]	[439, 0, 561]	[420, 0, 580]
6	4A	0.473	0.415	0.521	[473, 83, 444]	[415, 0, 585]	[521, 44, 435]
6	5	0.423	0.431	0.454	[423, 61, 516]	[431, 0, 569]	[454, 0, 546]
6	5A	0.461	0.423	0.533	[461, 76, 463]	[423, 0, 577]	[533, 45, 422]
6	6	0.378	0.428	0.423	[755, 127, 1118]	[857, 0, 1143]	[846, 29, 1125]
6	6A	0.438	0.423	0.525	[438, 71, 491]	[423, 0, 577]	[525, 42, 433]
6	7	0.454	0.429	0.445	[908, 172, 920]	[859, 0, 1141]	[890, 105, 1005]
6	7A	0.493	0.41	0.531	[493, 114, 393]	[410, 172, 418]	[531, 102, 367]
6	8	0.48	0.415	0.494	[1439, 256, 1305]	[1246, 0, 1754]	[1483, 173, 1344]
6	8A	0.525	0.603	0.546	[525, 85, 390]	[603, 117, 280]	[546, 75, 379]
6	9	0.523	0.425	0.549	[1569, 269, 1162]	[1276, 0, 1724]	[1646, 206, 1148]
6	9A	0.546	0.695	0.594	[546, 77, 377]	[695, 94, 211]	[594, 66, 340]
6	10	0.564	0.415	0.595	[2255, 335, 1410]	[1660, 0, 2340]	[2378, 300, 1322]
6	10A	0.547	0.789	0.602	[547, 84, 369]	[789, 104, 107]	[602, 64, 334]
6	11	0.597	0.427	0.621	[2387, 333, 1280]	[1710, 0, 2290]	[2485, 270, 1245]
6	11A	0.578	0.894	0.619	[2312, 400, 1288]	[3576, 424, 0]	[2476, 276, 1248]
6	12	0.36	0.424	0.388	[2878, 458, 4664]	[3396, 0, 4604]	[3104, 396, 4500]
6	12A	0.523	0.438	0.478	[523, 86, 391]	[438, 0, 562]	[478, 48, 474]
6	13	0.326	0.441	0.36	[2285, 374, 4341]	[3090, 0, 3910]	[2520, 269, 4211]
6	13A	0.522	0.427	0.521	[522, 73, 405]	[427, 0, 573]	[521, 41, 438]
6	14	0.303	0.432	0.32	[2119, 391, 4490]	[3026, 0, 3974]	[2237, 369, 4394]
6	14A	0.459	0.419	0.514	[459, 79, 462]	[419, 0, 581]	[514, 50, 436]
6	15	0.288	0.416	0.27	[1731, 324, 3945]	[2496, 0, 3504]	[1618, 269, 4113]
6	15A	0.47	0.433	0.509	[470, 76, 454]	[433, 0, 567]	[509, 46, 445]
6	16	0.253	0.423	0.275	[1518, 292, 4190]	[2541, 0, 3459]	[1648, 270, 4082]
6	16A	0.424	0.416	0.519	[424, 69, 507]	[416, 0, 584]	[519, 52, 429]
6	17	0.227	0.431	0.232	[1135, 194, 3671]	[2153, 866, 1981]	[1159, 201, 3640]
6	17A	0.488	0.412	0.552	[488, 96, 416]	[412, 161, 427]	[552, 91, 357]
6	18	0.201	0.6	0.191	[1006, 106, 3888]	[3001, 513, 1486]	[956, 101, 3943]
6	18A	0.516	0.581	0.569	[516, 88, 396]	[581, 103, 316]	[569, 70, 361]
6	19	0.129	0.703	0.135	[516, 76, 3408]	[2812, 452, 736]	[540, 56, 3404]
6	19A	0.539	0.666	0.583	[539, 68, 393]	[666, 120, 214]	[583, 66, 351]
6	20	0.063	0.792	0.064	[252, 36, 3712]	[3168, 424, 408]	[256, 20, 3724]
6	20A	0.545	0.788	0.608	[545, 87, 368]	[788, 106, 106]	[608, 72, 320]
7	2A	0.515	0.274	0.435	[515, 122, 363]	[274, 0, 726]	[435, 63, 502]
7	3A	0.508	0.262	0.436	[508, 110, 382]	[262, 0, 738]	[436, 40, 524]
7	4	0.379	0.284	0.251	[379, 90, 531]	[284, 0, 716]	[251, 0, 749]
7	4A	0.454	0.26	0.421	[454, 110, 436]	[260, 0, 740]	[421, 57, 522]
7	5	0.396	0.234	0.25	[396, 99, 505]	[234, 0, 766]	[250, 0, 750]
7	5A	0.468	0.287	0.43	[468, 80, 452]	[287, 0, 713]	[430, 54, 516]
7	6	0.362	0.265	0.264	[724, 189, 1087]	[530, 0, 1470]	[528, 53, 1419]
7	6A	0.436	0.231	0.417	[436, 96, 468]	[231, 0, 769]	[417, 62, 521]
7	7	0.395	0.259	0.277	[789, 332, 879]	[517, 0, 1483]	[554, 254, 1192]
7	7A	0.452	0.262	0.43	[452, 170, 378]	[262, 362, 376]	[430, 140, 430]
7	8	0.487	0.263	0.422	[1460, 364, 1176]	[790, 0, 2210]	[1266, 221, 1513]
7	8A	0.53	0.629	0.516	[530, 119, 351]	[629, 133, 238]	[516, 86, 398]
7	9	0.53	0.264	0.499	[1589, 312, 1099]	[792, 0, 2208]	[1498, 220, 1282]
7	9A	0.548	0.745	0.562	[548, 89, 363]	[745, 81, 174]	[562, 80, 358]
7	10	0.564	0.26	0.562	[2255, 415, 1330]	[1039, 0, 2961]	[2247, 289, 1464]
7	10A	0.555	0.852	0.581	[555, 102, 343]	[852, 79, 69]	[581, 63, 356]
7	11	0.594	0.258	0.57	[2374, 416, 1210]	[1030, 0, 2970]	[2278, 280, 1442]
7	11A	0.588	0.915	0.575	[2352, 420, 1228]	[3660, 340, 0]	[2300, 268, 1432]
7	12	0.364	0.26	0.358	[2910, 610, 4480]	[2082, 0, 5918]	[2865, 429, 4706]
7	12A	0.538	0.245	0.461	[538, 103, 359]	[245, 0, 755]	[461, 45, 494]
7	13	0.311	0.256	0.327	[2179, 478, 4343]	[1793, 0, 5207]	[2288, 414, 4298]
7	13A	0.529	0.26	0.446	[529, 96, 375]	[260, 0, 740]	[446, 53, 501]
7	14	0.302	0.277	0.293	[2115, 471, 4414]	[1936, 0, 5064]	[2053, 400, 4547]
7	14A	0.467	0.284	0.421	[467, 96, 437]	[284, 0, 716]	[421, 66, 513]
7	15	0.277	0.262	0.278	[1664, 372, 3964]	[1570, 0, 4430]	[1665, 373, 3962]
7	15A	0.459	0.261	0.429	[459, 106, 435]	[261, 0, 739]	[429, 52, 519]
7	16	0.272	0.257	0.262	[1632, 348, 4020]	[1542, 0, 4458]	[1573, 298, 4129]
7	16A	0.454	0.256	0.449	[454, 109, 437]	[256, 0, 744]	[449, 56, 495]
7	17	0.239	0.273	0.253	[1196, 161, 3643]	[1363, 1800, 1837]	[1263, 128, 3609]
7	17A	0.429	0.232	0.41	[429, 170, 401]	[232, 373, 395]	[410, 160, 430]
7	18	0.199	0.626	0.199	[995, 105, 3900]	[3128, 697, 1175]	[995, 60, 3945]
7	18A	0.528	0.629	0.504	[528, 113, 359]	[629, 116, 255]	[504, 85, 411]
7	19	0.143	0.785	0.13	[572, 44, 3384]	[3140, 276, 584]	[520, 88, 3392]
7	19A	0.573	0.756	0.518	[573, 88, 339]	[756, 98, 146]	[518, 96, 386]
7	20	0.071	0.845	0.079	[284, 12, 3704]	[3380, 304, 316]	[316, 12, 3672]
7	20A	0.586	0.858	0.56	[586, 86, 328]	[858, 78, 64]	[560, 79, 361]
8	2A	0.477	0.252	0.388	[477, 126, 397]	[252, 0, 748]	[388, 54, 558]
8	3A	0.458	0.232	0.395	[458, 118, 424]	[232, 0, 768]	[395, 56, 549]
8	4	0.414	0.228	0.239	[414, 92, 494]	[228, 0, 772]	[239, 0, 761]
8	4A	0.417	0.265	0.416	[417, 119, 464]	[265, 0, 735]	[416, 51, 533]
8	5	0.338	0.25	0.234	[338, 90, 572]	[250, 0, 750]	[234, 0, 766]
8	5A	0.441	0.254	0.41	[441, 104, 455]	[254, 0, 746]	[410, 63, 527]
8	6	0.334	0.262	0.254	[668, 185, 1147]	[523, 0, 1477]	[507, 17, 1476]
8	6A	0.417	0.262	0.417	[417, 69, 514]	[262, 0, 738]	[417, 53, 530]
8	7	0.342	0.263	0.258	[683, 225, 1092]	[526, 0, 1474]	[515, 140, 1345]
8	7A	0.432	0.24	0.392	[432, 121, 447]	[240, 131, 629]	[392, 91, 517]
8	8	0.388	0.238	0.331	[1165, 493, 1342]	[714, 0, 2286]	[993, 371, 1636]
8	8A	0.446	0.387	0.428	[446, 174, 380]	[387, 347, 266]	[428, 142, 430]
8	9	0.502	0.235	0.449	[1505, 335, 1160]	[704, 0, 2296]	[1347, 242, 1411]
8	9A	0.515	0.755	0.508	[515, 104, 381]	[755, 127, 118]	[508, 92, 400]
8	10	0.549	0.232	0.528	[2196, 420, 1384]	[929, 0, 3071]	[2111, 302, 1587]
8	10A	0.556	0.861	0.484	[556, 115, 329]	[861, 78, 61]	[484, 86, 430]
8	11	0.563	0.244	0.552	[2252, 391, 1357]	[976, 0, 3024]	[2208, 346, 1446]
8	11A	0.533	0.944	0.533	[2132, 356, 1512]	[3776, 224, 0]	[2132, 320, 1548]
8	12	0.327	0.245	0.314	[2615, 611, 4774]	[1961, 0, 6039]	[2508, 492, 5000]
8	12A	0.452	0.226	0.399	[452, 127, 421]	[226, 0, 774]	[399, 48, 553]
8	13	0.302	0.24	0.296	[2117, 540, 4343]	[1682, 0, 5318]	[2075, 473, 4452]
8	13A	0.429	0.222	0.383	[429, 113, 458]	[222, 0, 778]	[383, 61, 556]
8	14	0.281	0.252	0.29	[1966, 447, 4587]	[1764, 0, 5236]	[2033, 429, 4538]
8	14A	0.462	0.243	0.423	[462, 106, 432]	[243, 0, 757]	[423, 53, 524]
8	15	0.26	0.246	0.281	[1558, 308, 4134]	[1478, 0, 4522]	[1686, 323, 3991]
8	15A	0.427	0.221	0.384	[427, 109, 464]	[221, 0, 779]	[384, 68, 548]
8	16	0.229	0.264	0.259	[1372, 367, 4261]	[1583, 0, 4417]	[1552, 379, 4069]
8	16A	0.382	0.252	0.379	[382, 90, 528]	[252, 0, 748]	[379, 61, 560]
8	17	0.237	0.236	0.225	[1186, 220, 3594]	[1179, 607, 3214]	[1127, 243, 3630]
8	17A	0.394	0.256	0.385	[394, 129, 477]	[256, 139, 605]	[385, 80, 535]
8	18	0.199	0.376	0.189	[994, 105, 3901]	[1878, 1807, 1315]	[946, 110, 3944]
8	18A	0.444	0.367	0.431	[444, 169, 387]	[367, 373, 260]	[431, 153, 416]
8	19	0.148	0.715	0.131	[592, 48, 3360]	[2860, 560, 580]	[524, 32, 3444]
8	19A	0.525	0.763	0.503	[525, 114, 361]	[763, 119, 118]	[503, 94, 403]
8	20	0.077	0.877	0.081	[308, 16, 3676]	[3508, 240, 252]	[324, 8, 3668]
8	20A	0.576	0.852	0.551	[576, 100, 324]	[852, 85, 63]	[551, 60, 389]
9	2A	0.435	0.235	0.366	[435, 116, 449]	[235, 0, 765]	[366, 55, 579]
9	3A	0.397	0.236	0.335	[397, 102, 501]	[236, 0, 764]	[335, 81, 584]
9	4	0.342	0.227	0.243	[342, 98, 560]	[227, 0, 773]	[243, 0, 757]
9	4A	0.384	0.254	0.345	[384, 108, 508]	[254, 0, 746]	[345, 60, 595]
9	5	0.332	0.23	0.24	[332, 91, 577]	[230, 0, 770]	[240, 0, 760]
9	5A	0.389	0.223	0.365	[389, 104, 507]	[223, 0, 777]	[365, 55, 580]
9	6	0.316	0.227	0.214	[631, 172, 1197]	[454, 0, 1546]	[428, 14, 1558]
9	6A	0.346	0.227	0.353	[346, 118, 536]	[227, 0, 773]	[353, 57, 590]
9	7	0.295	0.221	0.242	[590, 214, 1196]	[442, 0, 1558]	[485, 98, 1417]
9	7A	0.356	0.223	0.321	[356, 116, 528]	[223, 117, 660]	[321, 82, 597]
9	8	0.32	0.235	0.279	[959, 368, 1673]	[705, 0, 2295]	[838, 220, 1942]
9	8A	0.371	0.332	0.353	[371, 103, 526]	[332, 125, 543]	[353, 86, 561]
9	9	0.373	0.24	0.365	[1120, 500, 1380]	[720, 0, 2280]	[1095, 391, 1514]
9	9A	0.437	0.454	0.411	[437, 170, 393]	[454, 360, 186]	[411, 140, 449]
9	10	0.516	0.238	0.494	[2063, 434, 1503]	[953, 0, 3047]	[1975, 342, 1683]
9	10A	0.488	0.84	0.497	[488, 120, 392]	[840, 105, 55]	[497, 68, 435]
9	11	0.536	0.223	0.529	[2146, 361, 1493]	[893, 0, 3107]	[2117, 290, 1593]
9	11A	0.525	0.942	0.528	[2100, 436, 1464]	[3768, 232, 0]	[2112, 296, 1592]
9	12	0.281	0.232	0.277	[2249, 601, 5150]	[1854, 0, 6146]	[2212, 460, 5328]
9	12A	0.414	0.233	0.356	[414, 115, 471]	[233, 0, 767]	[356, 51, 593]
9	13	0.257	0.234	0.254	[1796, 541, 4663]	[1638, 0, 5362]	[1779, 449, 4772]
9	13A	0.405	0.223	0.372	[405, 94, 501]	[223, 0, 777]	[372, 57, 571]
9	14	0.26	0.241	0.227	[1819, 434, 4747]	[1689, 0, 5311]	[1592, 401, 5007]
9	14A	0.428	0.213	0.378	[428, 87, 485]	[213, 0, 787]	[378, 55, 567]
9	15	0.246	0.242	0.225	[1474, 446, 4080]	[1453, 0, 4547]	[1348, 326, 4326]
9	15A	0.379	0.221	0.358	[379, 105, 516]	[221, 0, 779]	[358, 59, 583]
9	16	0.224	0.224	0.202	[1345, 376, 4279]	[1346, 0, 4654]	[1213, 345, 4442]
9	16A	0.373	0.223	0.353	[373, 96, 531]	[223, 0, 777]	[353, 56, 591]
9	17	0.206	0.229	0.198	[1031, 251, 3718]	[1145, 606, 3249]	[988, 287, 3725]
9	17A	0.369	0.237	0.379	[369, 105, 526]	[237, 131, 632]	[379, 81, 540]
9	18	0.149	0.344	0.175	[743, 173, 4084]	[1718, 571, 2711]	[873, 215, 3912]
9	18A	0.409	0.349	0.368	[409, 103, 488]	[349, 124, 527]	[368, 88, 544]
9	19	0.122	0.481	0.132	[488, 56, 3456]	[1924, 1424, 652]	[528, 64, 3408]
9	19A	0.413	0.451	0.422	[413, 183, 404]	[451, 382, 167]	[422, 129, 449]
9	20	0.089	0.813	0.09	[356, 12, 3632]	[3252, 488, 260]	[360, 20, 3620]
9	20A	0.481	0.822	0.511	[481, 127, 392]	[822, 126, 52]	[511, 91, 398]
10	2A	0.382	0.214	0.312	[1528, 488, 1984]	[856, 0, 3144]	[1248, 252, 2500]
10	3A	0.355	0.2	0.312	[1420, 452, 2128]	[800, 0, 3200]	[1248, 208, 2544]
10	4	0.32	0.227	0.212	[1280, 348, 2372]	[908, 0, 3092]	[848, 0, 3152]
10	4A	0.327	0.231	0.286	[1308, 400, 2292]	[924, 0, 3076]	[1144, 224, 2632]
10	5	0.282	0.212	0.212	[1128, 352, 2520]	[848, 0, 3152]	[848, 0, 3152]
10	5A	0.33	0.206	0.323	[1320, 420, 2260]	[824, 0, 3176]	[1292, 212, 2496]
10	6	0.269	0.23	0.202	[2148, 640, 5212]	[1836, 0, 6164]	[1616, 80, 6304]
10	6A	0.334	0.196	0.324	[1336, 404, 2260]	[784, 0, 3216]	[1296, 224, 2480]
10	7	0.275	0.207	0.216	[2196, 776, 5028]	[1656, 0, 6344]	[1732, 272, 5996]
10	7A	0.334	0.214	0.318	[1336, 476, 2188]	[856, 448, 2696]	[1272, 320, 2408]
10	8	0.291	0.207	0.273	[3496, 1232, 7272]	[2484, 0, 9516]	[3280, 576, 8144]
10	8A	0.372	0.29	0.342	[1488, 392, 2120]	[1160, 452, 2388]	[1368, 316, 2316]
10	9	0.336	0.216	0.313	[4028, 1372, 6600]	[2596, 0, 9404]	[3760, 892, 7348]
10	9A	0.372	0.432	0.337	[1488, 412, 2100]	[1728, 464, 1808]	[1348, 344, 2308]
10	10	0.391	0.218	0.388	[6248, 2656, 7096]	[3488, 0, 12512]	[6208, 2312, 7480]
10	10A	0.406	0.553	0.397	[1624, 616, 1760]	[2212, 1388, 400]	[1588, 548, 1864]
10	11	0.474	0.215	0.467	[7580, 1752, 6668]	[3440, 0, 12560]	[7472, 1328, 7200]
10	11A	0.483	0.892	0.464	[3381, 721, 2898]	[6244, 756, 0]	[3248, 616, 3136]
10	12	0.248	0.211	0.26	[5696, 2052, 15252]	[4864, 0, 18136]	[5976, 1418, 15606]
10	12A	0.359	0.193	0.304	[1436, 444, 2120]	[772, 0, 3228]	[1216, 232, 2552]
10	13	0.225	0.219	0.236	[4273, 1341, 13386]	[4160, 0, 14840]	[4490, 1134, 13376]
10	13A	0.353	0.219	0.314	[1412, 368, 2220]	[876, 0, 3124]	[1256, 204, 2540]
10	14	0.202	0.207	0.207	[3836, 1321, 13843]	[3924, 0, 15076]	[3938, 1106, 13956]
10	14A	0.335	0.2	0.315	[1340, 440, 2220]	[800, 0, 3200]	[1260, 324, 2416]
10	15	0.203	0.207	0.203	[3046, 981, 10973]	[3105, 0, 11895]	[3038, 932, 11030]
10	15A	0.333	0.237	0.298	[1332, 436, 2232]	[948, 0, 3052]	[1192, 188, 2620]
10	16	0.179	0.216	0.185	[2687, 855, 11458]	[3236, 0, 11764]	[2774, 989, 11237]
10	16A	0.322	0.196	0.323	[1288, 364, 2348]	[784, 0, 3216]	[1292, 232, 2476]
10	17	0.163	0.197	0.172	[1789, 496, 8715]	[2172, 1235, 7593]	[1887, 586, 8527]
10	17A	0.301	0.212	0.324	[1204, 500, 2296]	[848, 420, 2732]	[1296, 380, 2324]
10	18	0.142	0.321	0.14	[1562, 499, 8939]	[3531, 1237, 6232]	[1540, 488, 8972]
10	18A	0.343	0.334	0.339	[1372, 516, 2112]	[1336, 472, 2192]	[1356, 328, 2316]
10	19	0.099	0.441	0.105	[693, 294, 6013]	[3087, 805, 3108]	[735, 252, 6013]
10	19A	0.379	0.428	0.384	[1516, 420, 2064]	[1712, 480, 1808]	[1536, 304, 2160]
10	20	0.074	0.554	0.06	[518, 56, 6426]	[3878, 2408, 714]	[420, 42, 6538]
10	20A	0.371	0.535	0.397	[1484, 676, 1840]	[2140, 1448, 412]	[1588, 540, 1872]
