dealer	player	hit	stay	double	hit	stay	double
1	2A	0.271	0.118	0.241	[271, 139, 590]	[118, 0, 882]	[241, 73, 686]
1	3A	0.261	0.113	0.202	[261, 138, 601]	[113, 0, 887]	[202, 61, 737]
1	4	0.231	0.115	0.113	[231, 100, 669]	[115, 0, 885]	[113, 0, 887]
1	4A	0.28	0.124	0.231	[280, 127, 593]	[124, 0, 876]	[231, 64, 705]
1	5	0.211	0.124	0.124	[211, 93, 696]	[124, 0, 876]	[124, 0, 876]
1	5A	0.268	0.12	0.206	[268, 102, 630]	[120, 0, 880]	[206, 65, 729]
1	6	0.2	0.113	0.107	[399, 204, 1397]	[226, 0, 1774]	[215, 22, 1763]
1	6A	0.248	0.113	0.195	[248, 118, 634]	[113, 0, 887]	[195, 82, 723]
1	7	0.182	0.104	0.128	[364, 234, 1402]	[208, 0, 1792]	[256, 102, 1642]
1	7A	0.232	0.103	0.207	[232, 117, 651]	[103, 130, 767]	[207, 93, 700]
1	8	0.244	0.12	0.18	[733, 343, 1924]	[360, 0, 2640]	[541, 194, 2265]
1	8A	0.258	0.252	0.232	[258, 145, 597]	[252, 135, 613]	[232, 100, 668]
1	9	0.276	0.123	0.245	[827, 355, 1818]	[370, 0, 2630]	[734, 219, 2047]
1	9A	0.328	0.374	0.266	[328, 142, 530]	[374, 135, 491]	[266, 102, 632]
1	10	0.323	0.124	0.305	[1292, 546, 2162]	[495, 0, 3505]	[1219, 393, 2388]
1	10A	0.321	0.501	0.303	[321, 137, 542]	[501, 145, 354]	[303, 113, 584]
1	11	0.344	0.11	0.332	[1374, 777, 1849]	[441, 0, 3559]	[1326, 631, 2043]
1	11A	0.371	0.625	0.345	[1484, 692, 1824]	[2500, 1500, 0]	[1380, 536, 2084]
1	12	0.208	0.111	0.178	[1667, 714, 5619]	[886, 0, 7114]	[1424, 578, 5998]
1	12A	0.313	0.112	0.232	[313, 131, 556]	[112, 0, 888]	[232, 54, 714]
1	13	0.182	0.116	0.187	[1274, 516, 5210]	[811, 0, 6189]	[1312, 447, 5241]
1	13A	0.263	0.111	0.224	[263, 116, 621]	[111, 0, 889]	[224, 62, 714]
1	14	0.172	0.114	0.168	[1201, 551, 5248]	[796, 0, 6204]	[1173, 447, 5380]
1	14A	0.266	0.117	0.19	[266, 122, 612]	[117, 0, 883]	[190, 50, 760]
1	15	0.158	0.117	0.159	[948, 446, 4606]	[703, 0, 5297]	[956, 354, 4690]
1	15A	0.26	0.123	0.201	[260, 132, 608]	[123, 0, 877]	[201, 64, 735]
1	16	0.146	0.119	0.161	[877, 391, 4732]	[713, 0, 5287]	[967, 435, 4598]
1	16A	0.228	0.12	0.217	[228, 95, 677]	[120, 0, 880]	[217, 73, 710]
1	17	0.146	0.108	0.122	[730, 251, 4019]	[540, 680, 3780]	[610, 221, 4169]
1	17A	0.246	0.118	0.238	[246, 130, 624]	[118, 142, 740]	[238, 115, 647]
1	18	0.116	0.262	0.103	[582, 224, 4194]	[1308, 619, 3073]	[514, 253, 4233]
1	18A	0.3	0.237	0.249	[300, 114, 586]	[237, 127, 636]	[249, 95, 656]
1	19	0.098	0.354	0.084	[392, 140, 3468]	[1416, 544, 2040]	[336, 124, 3540]
1	19A	0.296	0.399	0.247	[296, 115, 589]	[399, 126, 475]	[247, 94, 659]
1	20	0.044	0.504	0.058	[176, 132, 3692]	[2016, 508, 1476]	[232, 96, 3672]
1	20A	0.339	0.523	0.298	[339, 116, 545]	[523, 125, 352]	[298, 110, 592]
2	2A	0.456	0.334	0.455	[456, 98, 446]	[334, 0, 666]	[455, 45, 500]
2	3A	0.446	0.345	0.469	[446, 93, 461]	[345, 0, 655]	[469, 53, 478]
2	4	0.378	0.379	0.355	[378, 65, 557]	[379, 0, 621]	[355, 0, 645]
2	4A	0.439	0.357	0.489	[439, 79, 482]	[357, 0, 643]	[489, 45, 466]
2	5	0.354	0.362	0.336	[354, 72, 574]	[362, 0, 638]	[336, 0, 664]
2	5A	0.394	0.365	0.432	[394, 95, 511]	[365, 0, 635]	[432, 61, 507]
2	6	0.345	0.354	0.363	[691, 144, 1165]	[709, 0, 1291]	[727, 21, 1252]
2	6A	0.407	0.367	0.454	[407, 75, 518]	[367, 0, 633]	[454, 61, 485]
2	7	0.348	0.373	0.375	[696, 196, 1108]	[746, 0, 1254]	[750, 104, 1146]
2	7A	0.433	0.343	0.45	[433, 107, 460]	[343, 131, 526]	[450, 85, 465]
2	8	0.42	0.358	0.435	[1261, 296, 1443]	[1075, 0, 1925]	[1304, 203, 1493]
2	8A	0.461	0.484	0.485	[461, 101, 438]	[484, 135, 381]	[485, 87, 428]
2	9	0.455	0.338	0.471	[1366, 314, 1320]	[1014, 0, 1986]	[1414, 211, 1375]
2	9A	0.486	0.644	0.517	[486, 95, 419]	[644, 129, 227]	[517, 81, 402]
2	10	0.541	0.343	0.549	[2166, 401, 1433]	[1371, 0, 2629]	[2198, 299, 1503]
2	10A	0.544	0.746	0.534	[544, 82, 374]	[746, 142, 112]	[534, 90, 376]
2	11	0.555	0.355	0.59	[2221, 426, 1353]	[1421, 0, 2579]	[2358, 281, 1361]
2	11A	0.559	0.89	0.587	[2236, 408, 1356]	[3560, 440, 0]	[2348, 344, 1308]
2	12	0.307	0.354	0.364	[2453, 540, 5007]	[2835, 0, 5165]	[2911, 400, 4689]
2	12A	0.466	0.354	0.446	[466, 104, 430]	[354, 0, 646]	[446, 43, 511]
2	13	0.299	0.355	0.316	[2095, 464, 4441]	[2485, 0, 4515]	[2214, 336, 4450]
2	13A	0.462	0.358	0.467	[462, 106, 432]	[358, 0, 642]	[467, 48, 485]
2	14	0.265	0.339	0.295	[1857, 387, 4756]	[2372, 0, 4628]	[2064, 304, 4632]
2	14A	0.435	0.34	0.456	[435, 95, 470]	[340, 0, 660]	[456, 45, 499]
2	15	0.252	0.345	0.266	[1510, 322, 4168]	[2071, 0, 3929]	[1596, 301, 4103]
2	15A	0.406	0.375	0.452	[406, 80, 514]	[375, 0, 625]	[452, 55, 493]
2	16	0.224	0.359	0.273	[1342, 286, 4372]	[2155, 0, 3845]	[1638, 291, 4071]
2	16A	0.377	0.368	0.462	[377, 92, 531]	[368, 0, 632]	[462, 43, 495]
2	17	0.217	0.367	0.209	[1083, 216, 3701]	[1836, 700, 2464]	[1046, 189, 3765]
2	17A	0.417	0.36	0.458	[417, 96, 487]	[360, 126, 514]	[458, 82, 460]
2	18	0.167	0.493	0.17	[834, 186, 3980]	[2465, 683, 1852]	[850, 139, 4011]
2	18A	0.458	0.499	0.484	[458, 110, 432]	[499, 136, 365]	[484, 80, 436]
2	19	0.133	0.612	0.149	[532, 64, 3404]	[2448, 516, 1036]	[596, 72, 3332]
2	19A	0.509	0.611	0.523	[509, 95, 396]	[611, 140, 249]	[523, 71, 406]
2	20	0.072	0.757	0.062	[288, 48, 3664]	[3028, 464, 508]	[248, 36, 3716]
2	20A	0.511	0.764	0.549	[511, 104, 385]	[764, 124, 112]	[549, 75, 376]
3	2A	0.458	0.373	0.475	[458, 93, 449]	[373, 0, 627]	[475, 45, 480]
3	3A	0.454	0.372	0.496	[454, 96, 450]	[372, 0, 628]	[496, 43, 461]
3	4	0.382	0.386	0.38	[382, 85, 533]	[386, 0, 614]	[380, 0, 620]
3	4A	0.454	0.379	0.47	[454, 82, 464]	[379, 0, 621]	[470, 41, 489]
3	5	0.358	0.368	0.36	[358, 77, 565]	[368, 0, 632]	[360, 0, 640]
3	5A	0.435	0.355	0.45	[435, 79, 486]	[355, 0, 645]	[450, 45, 505]
3	6	0.357	0.379	0.393	[715, 139, 1146]	[757, 0, 1243]	[786, 22, 1192]
3	6A	0.42	0.381	0.487	[420, 89, 491]	[381, 0, 619]	[487, 58, 455]
3	7	0.379	0.372	0.38	[758, 185, 1057]	[744, 0, 1256]	[760, 118, 1122]
3	7A	0.428	0.377	0.481	[428, 108, 464]	[377, 157, 466]	[481, 63, 456]
3	8	0.425	0.385	0.427	[1275, 292, 1433]	[1154, 0, 1846]	[1282, 181, 1537]
3	8A	0.463	0.504	0.514	[463, 103, 434]	[504, 132, 364]	[514, 100, 386]
3	9	0.488	0.389	0.484	[1464, 264, 1272]	[1166, 0, 1834]	[1451, 208, 1341]
3	9A	0.491	0.605	0.511	[491, 95, 414]	[605, 121, 274]	[511, 81, 408]
3	10	0.525	0.357	0.566	[2100, 392, 1508]	[1428, 0, 2572]	[2263, 295, 1442]
3	10A	0.553	0.766	0.54	[553, 88, 359]	[766, 107, 127]	[540, 71, 389]
3	11	0.566	0.361	0.591	[2264, 392, 1344]	[1444, 0, 2556]	[2365, 291, 1344]
3	11A	0.541	0.872	0.591	[2164, 308, 1528]	[3488, 512, 0]	[2364, 260, 1376]
3	12	0.329	0.373	0.365	[2633, 562, 4805]	[2988, 0, 5012]	[2920, 412, 4668]
3	12A	0.468	0.351	0.497	[468, 110, 422]	[351, 0, 649]	[497, 57, 446]
3	13	0.313	0.379	0.322	[2190, 400, 4410]	[2650, 0, 4350]	[2252, 335, 4413]
3	13A	0.469	0.38	0.472	[469, 109, 422]	[380, 0, 620]	[472, 58, 470]
3	14	0.279	0.375	0.311	[1951, 350, 4699]	[2628, 0, 4372]	[2179, 345, 4476]
3	14A	0.432	0.36	0.484	[432, 100, 468]	[360, 0, 640]	[484, 41, 475]
3	15	0.263	0.366	0.279	[1578, 280, 4142]	[2195, 0, 3805]	[1673, 335, 3992]
3	15A	0.436	0.374	0.489	[436, 85, 479]	[374, 0, 626]	[489, 38, 473]
3	16	0.242	0.393	0.261	[1452, 332, 4216]	[2358, 0, 3642]	[1563, 291, 4146]
3	16A	0.388	0.383	0.482	[388, 98, 514]	[383, 0, 617]	[482, 44, 474]
3	17	0.192	0.349	0.205	[961, 212, 3827]	[1747, 615, 2638]	[1026, 231, 3743]
3	17A	0.433	0.379	0.466	[433, 94, 473]	[379, 130, 491]	[466, 83, 451]
3	18	0.182	0.484	0.171	[912, 105, 3983]	[2418, 731, 1851]	[855, 145, 4000]
3	18A	0.474	0.518	0.474	[474, 110, 416]	[518, 128, 354]	[474, 81, 445]
3	19	0.139	0.644	0.136	[556, 60, 3384]	[2576, 516, 908]	[544, 80, 3376]
3	19A	0.495	0.631	0.537	[495, 109, 396]	[631, 121, 248]	[537, 76, 387]
3	20	0.065	0.753	0.064	[260, 48, 3692]	[3012, 424, 564]	[256, 60, 3684]
3	20A	0.512	0.757	0.551	[512, 102, 386]	[757, 117, 126]	[551, 80, 369]
4	2A	0.491	0.402	0.501	[491, 103, 406]	[402, 0, 598]	[501, 42, 457]
4	3A	0.482	0.381	0.509	[482, 96, 422]	[381, 0, 619]	[509, 45, 446]
4	4	0.392	0.39	0.406	[392, 73, 535]	[390, 0, 610]	[406, 0, 594]
4	4A	0.472	0.383	0.477	[472, 71, 457]	[383, 0, 617]	[477, 45, 478]
4	5	0.375	0.395	0.36	[375, 75, 550]	[395, 0, 605]	[360, 0, 640]
4	5A	0.442	0.398	0.47	[442, 72, 486]	[398, 0, 602]	[470, 47, 483]
4	6	0.342	0.397	0.416	[683, 131, 1186]	[793, 0, 1207]	[832, 19, 1149]
4	6A	0.433	0.353	0.478	[433, 75, 492]	[353, 0, 647]	[478, 46, 476]
4	7	0.392	0.393	0.39	[783, 165, 1052]	[785, 0, 1215]	[780, 90, 1130]
4	7A	0.414	0.378	0.517	[414, 104, 482]	[378, 154, 468]	[517, 65, 418]
4	8	0.435	0.392	0.45	[1305, 263, 1432]	[1175, 0, 1825]	[1349, 174, 1477]
4	8A	0.484	0.545	0.511	[484, 93, 423]	[545, 127, 328]	[511, 90, 399]
4	9	0.468	0.395	0.54	[1403, 277, 1320]	[1186, 0, 1814]	[1620, 177, 1203]
4	9A	0.48	0.657	0.569	[480, 91, 429]	[657, 100, 243]	[569, 94, 337]
4	10	0.54	0.385	0.588	[2161, 383, 1456]	[1539, 0, 2461]	[2350, 291, 1359]
4	10A	0.515	0.761	0.601	[515, 89, 396]	[761, 115, 124]	[601, 75, 324]
4	11	0.556	0.401	0.605	[2226, 369, 1405]	[1604, 0, 2396]	[2421, 287, 1292]
4	11A	0.578	0.87	0.596	[2312, 348, 1340]	[3480, 520, 0]	[2384, 312, 1304]
4	12	0.324	0.383	0.38	[2593, 540, 4867]	[3063, 0, 4937]	[3038, 380, 4582]
4	12A	0.521	0.39	0.484	[521, 95, 384]	[390, 0, 610]	[484, 45, 471]
4	13	0.304	0.403	0.356	[2131, 398, 4471]	[2824, 0, 4176]	[2489, 283, 4228]
4	13A	0.473	0.367	0.494	[473, 83, 444]	[367, 0, 633]	[494, 48, 458]
4	14	0.294	0.396	0.323	[2060, 374, 4566]	[2774, 0, 4226]	[2258, 319, 4423]
4	14A	0.453	0.395	0.502	[453, 82, 465]	[395, 0, 605]	[502, 50, 448]
4	15	0.255	0.402	0.273	[1528, 322, 4150]	[2411, 0, 3589]	[1636, 301, 4063]
4	15A	0.42	0.398	0.467	[420, 95, 485]	[398, 0, 602]	[467, 43, 490]
4	16	0.24	0.4	0.238	[1441, 313, 4246]	[2400, 0, 3600]	[1426, 306, 4268]
4	16A	0.407	0.387	0.487	[407, 73, 520]	[387, 0, 613]	[487, 39, 474]
4	17	0.205	0.385	0.227	[1025, 181, 3794]	[1924, 730, 2346]	[1133, 165, 3702]
4	17A	0.474	0.388	0.471	[474, 85, 441]	[388, 127, 485]	[471, 75, 454]
4	18	0.196	0.526	0.187	[980, 138, 3882]	[2631, 619, 1750]	[936, 148, 3916]
4	18A	0.483	0.523	0.536	[483, 97, 420]	[523, 130, 347]	[536, 78, 386]
4	19	0.132	0.649	0.148	[528, 64, 3408]	[2596, 476, 928]	[592, 52, 3356]
4	19A	0.503	0.663	0.561	[503, 107, 390]	[663, 112, 225]	[561, 69, 370]
4	20	0.059	0.773	0.062	[236, 28, 3736]	[3092, 488, 420]	[248, 24, 3728]
4	20A	0.55	0.754	0.576	[550, 98, 352]	[754, 122, 124]	[576, 73, 351]
5	2A	0.496	0.388	0.494	[496, 84, 420]	[388, 0, 612]	[494, 36, 470]
5	3A	0.465	0.409	0.513	[465, 102, 433]	[409, 0, 591]	[513, 47, 440]
5	4	0.417	0.392	0.421	[417, 77, 506]	[392, 0, 608]	[421, 0, 579]
5	4A	0.481	0.44	0.524	[481, 76, 443]	[440, 0, 560]	[524, 48, 428]
5	5	0.384	0.434	0.425	[384, 65, 551]	[434, 0, 566]	[425, 0, 575]
5	5A	0.463	0.417	0.504	[463, 74, 463]	[417, 0, 583]	[504, 62, 434]
5	6	0.364	0.428	0.411	[728, 139, 1133]	[857, 0, 1143]	[822, 14, 1164]
5	6A	0.426	0.396	0.5	[426, 67, 507]	[396, 0, 604]	[500, 45, 455]
5	7	0.428	0.441	0.426	[857, 191, 952]	[881, 0, 1119]	[852, 88, 1060]
5	7A	0.453	0.401	0.491	[453, 82, 465]	[401, 133, 466]	[491, 79, 430]
5	8	0.45	0.413	0.493	[1351, 260, 1389]	[1238, 0, 1762]	[1478, 188, 1334]
5	8A	0.52	0.561	0.505	[520, 91, 389]	[561, 94, 345]	[505, 80, 415]
5	9	0.504	0.411	0.531	[1511, 280, 1209]	[1232, 0, 1768]	[1592, 185, 1223]
5	9A	0.511	0.646	0.577	[511, 94, 395]	[646, 119, 235]	[577, 65, 358]
5	10	0.554	0.423	0.6	[2218, 347, 1435]	[1693, 0, 2307]	[2401, 289, 1310]
5	10A	0.517	0.777	0.604	[517, 94, 389]	[777, 106, 117]	[604, 73, 323]
5	11	0.565	0.429	0.63	[2260, 342, 1398]	[1715, 0, 2285]	[2519, 263, 1218]
5	11A	0.583	0.886	0.615	[2332, 340, 1328]	[3544, 456, 0]	[2460, 280, 1260]
5	12	0.341	0.407	0.367	[2729, 484, 4787]	[3254, 0, 4746]	[2935, 362, 4703]
5	12A	0.496	0.424	0.515	[496, 86, 418]	[424, 0, 576]	[515, 53, 432]
5	13	0.313	0.418	0.343	[2191, 392, 4417]	[2924, 0, 4076]	[2399, 345, 4256]
5	13A	0.456	0.419	0.504	[456, 89, 455]	[419, 0, 581]	[504, 51, 445]
5	14	0.292	0.411	0.323	[2043, 363, 4594]	[2877, 0, 4123]	[2262, 275, 4463]
5	14A	0.434	0.427	0.485	[434, 93, 473]	[427, 0, 573]	[485, 58, 457]
5	15	0.277	0.431	0.276	[1661, 291, 4048]	[2584, 0, 3416]	[1653, 272, 4075]
5	15A	0.42	0.409	0.494	[420, 74, 506]	[409, 0, 591]	[494, 46, 460]
5	16	0.267	0.418	0.243	[1599, 297, 4104]	[2506, 0, 3494]	[1461, 279, 4260]
5	16A	0.419	0.425	0.543	[419, 69, 512]	[425, 0, 575]	[543, 39, 418]
5	17	0.235	0.409	0.226	[1173, 170, 3657]	[2043, 658, 2299]	[1129, 180, 3691]
5	17A	0.423	0.398	0.506	[423, 102, 475]	[398, 120, 482]	[506, 77, 417]
5	18	0.171	0.542	0.19	[856, 156, 3988]	[2708, 619, 1673]	[948, 131, 3921]
5	18A	0.477	0.535	0.547	[477, 98, 425]	[535, 133, 332]	[547, 68, 385]
5	19	0.13	0.649	0.121	[520, 64, 3416]	[2596, 536, 868]	[484, 64, 3452]
5	19A	0.516	0.656	0.569	[516, 93, 391]	[656, 121, 223]	[569, 73, 358]
5	20	0.064	0.778	0.076	[256, 56, 3688]	[3112, 424, 464]	[304, 28, 3668]
5	20A	0.574	0.761	0.599	[574, 101, 325]	[761, 125, 114]	[599, 85, 316]
6	2A	0.488	0.424	0.543	[488, 112, 400]	[424, 0, 576]	[543, 40, 417]
6	3A	0.511	0.421	0.527	[511, 84, 405]	[421, 0, 579]	[527, 50, 423]
6	4	0.413	0.441	0.424	[413, 78, 509]	[441, 0, 559]	[424, 0, 576]
6	4A	0.482	0.437	0.525	[482, 74, 444]	[437, 0, 563]	[525, 47, 428]
6	5	0.412	0.434	0.419	[412, 59, 529]	[434, 0, 566]	[419, 0, 581]
6	5A	0.461	0.408	0.531	[461, 81, 458]	[408, 0, 592]	[531, 44, 425]
6	6	0.364	0.43	0.424	[729, 155, 1116]	[860, 0, 1140]	[849, 22, 1129]
6	6A	0.438	0.415	0.527	[438, 65, 497]	[415, 0, 585]	[527, 41, 432]
6	7	0.417	0.415	0.438	[835, 194, 971]	[831, 0, 1169]	[875, 115, 1010]
6	7A	0.476	0.422	0.522	[476, 117, 407]	[422, 175, 403]	[522, 77, 401]
6	8	0.475	0.426	0.49	[1426, 287, 1287]	[1279, 0, 1721]	[1469, 162, 1369]
6	8A	0.523	0.566	0.54	[523, 77, 400]	[566, 122, 312]	[540, 82, 378]
6	9	0.51	0.445	0.554	[1529, 274, 1197]	[1336, 0, 1664]	[1663, 176, 1161]
6	9A	0.535	0.704	0.582	[535, 90, 375]	[704, 103, 193]	[582, 74, 344]
6	10	0.569	0.427	0.613	[2276, 337, 1387]	[1708, 0, 2292]	[2450, 268, 1282]
6	10A	0.563	0.8	0.611	[563, 100, 337]	[800, 97, 103]	[611, 56, 333]
6	11	0.583	0.424	0.641	[2333, 347, 1320]	[1698, 0, 2302]	[2564, 272, 1164]
6	11A	0.602	0.896	0.622	[2408, 360, 1232]	[3584, 416, 0]	[2488, 240, 1272]
6	12	0.34	0.42	0.397	[2718, 473, 4809]	[3360, 0, 4640]	[3174, 374, 4452]
6	12A	0.506	0.403	0.536	[506, 82, 412]	[403, 0, 597]	[536, 49, 415]
6	13	0.336	0.442	0.355	[2351, 412, 4237]	[3093, 0, 3907]	[2484, 304, 4212]
6	13A	0.486	0.433	0.527	[486, 89, 425]	[433, 0, 567]	[527, 45, 428]
6	14	0.308	0.427	0.316	[2158, 353, 4489]	[2990, 0, 4010]	[2214, 317, 4469]
6	14A	0.469	0.423	0.516	[469, 77, 454]	[423, 0, 577]	[516, 49, 435]
6	15	0.295	0.44	0.282	[1773, 293, 3934]	[2638, 0, 3362]	[1693, 277, 4030]
6	15A	0.461	0.388	0.523	[461, 65, 474]	[388, 0, 612]	[523, 44, 433]
6	16	0.257	0.427	0.248	[1539, 260, 4201]	[2560, 0, 3440]	[1488, 305, 4207]
6	16A	0.435	0.43	0.534	[435, 64, 501]	[430, 0, 570]	[534, 42, 424]
6	17	0.222	0.42	0.227	[1108, 116, 3776]	[2100, 779, 2121]	[1133, 179, 3688]
6	17A	0.484	0.436	0.516	[484, 123, 393]	[436, 152, 412]	[516, 95, 389]
6	18	0.17	0.59	0.204	[849, 126, 4025]	[2952, 495, 1553]	[1018, 101, 3881]
6	18A	0.5	0.608	0.538	[500, 95, 405]	[608, 85, 307]	[538, 73, 389]
6	19	0.127	0.697	0.112	[508, 32, 3460]	[2788, 452, 760]	[448, 88, 3464]
6	19A	0.53	0.709	0.593	[530, 103, 367]	[709, 88, 203]	[593, 60, 347]
6	20	0.076	0.819	0.071	[304, 36, 3660]	[3276, 380, 344]	[284, 24, 3692]
6	20A	0.577	0.786	0.611	[577, 87, 336]	[786, 96, 118]	[611, 60, 329]
7	2A	0.509	0.246	0.416	[509, 108, 383]	[246, 0, 754]	[416, 65, 519]
7	3A	0.522	0.264	0.413	[522, 112, 366]	[264, 0, 736]	[413, 60, 527]
7	4	0.444	0.271	0.248	[444, 81, 475]	[271, 0, 729]	[248, 0, 752]
7	4A	0.479	0.274	0.428	[479, 105, 416]	[274, 0, 726]	[428, 54, 518]
7	5	0.379	0.255	0.238	[379, 103, 518]	[255, 0, 745]	[238, 0, 762]
7	5A	0.454	0.247	0.426	[454, 111, 435]	[247, 0, 753]	[426, 49, 525]
7	6	0.363	0.257	0.267	[727, 194, 1079]	[514, 0, 1486]	[533, 50, 1417]
7	6A	0.449	0.271	0.442	[449, 97, 454]	[271, 0, 729]	[442, 63, 495]
7	7	0.38	0.265	0.279	[759, 339, 902]	[529, 0, 1471]	[557, 254, 1189]
7	7A	0.462	0.259	0.42	[462, 149, 389]	[259, 380, 361]	[420, 142, 438]
7	8	0.476	0.262	0.423	[1428, 387, 1185]	[786, 0, 2214]	[1268, 206, 1526]
7	8A	0.507	0.639	0.499	[507, 120, 373]	[639, 136, 225]	[499, 102, 399]
7	9	0.534	0.266	0.476	[1603, 316, 1081]	[797, 0, 2203]	[1429, 221, 1350]
7	9A	0.553	0.812	0.558	[553, 104, 343]	[812, 57, 131]	[558, 82, 360]
7	10	0.586	0.25	0.564	[2345, 367, 1288]	[1000, 0, 3000]	[2255, 285, 1460]
7	10A	0.554	0.847	0.554	[554, 102, 344]	[847, 72, 81]	[554, 71, 375]
7	11	0.592	0.276	0.57	[2366, 395, 1239]	[1103, 0, 2897]	[2278, 314, 1408]
7	11A	0.603	0.91	0.59	[2412, 408, 1180]	[3640, 360, 0]	[2360, 344, 1296]
7	12	0.364	0.272	0.339	[2915, 619, 4466]	[2174, 0, 5826]	[2709, 408, 4883]
7	12A	0.52	0.273	0.405	[520, 109, 371]	[273, 0, 727]	[405, 54, 541]
7	13	0.331	0.261	0.328	[2319, 525, 4156]	[1829, 0, 5171]	[2294, 353, 4353]
7	13A	0.495	0.264	0.44	[495, 107, 398]	[264, 0, 736]	[440, 55, 505]
7	14	0.316	0.257	0.302	[2209, 456, 4335]	[1798, 0, 5202]	[2117, 352, 4531]
7	14A	0.515	0.284	0.449	[515, 90, 395]	[284, 0, 716]	[449, 52, 499]
7	15	0.283	0.255	0.277	[1700, 380, 3920]	[1527, 0, 4473]	[1663, 334, 4003]
7	15A	0.437	0.248	0.411	[437, 103, 460]	[248, 0, 752]	[411, 61, 528]
7	16	0.265	0.267	0.266	[1590, 351, 4059]	[1601, 0, 4399]	[1594, 327, 4079]
7	16A	0.451	0.249	0.406	[451, 103, 446]	[249, 0, 751]	[406, 53, 541]
7	17	0.244	0.288	0.233	[1221, 139, 3640]	[1440, 1880, 1680]	[1164, 131, 3705]
7	17A	0.455	0.245	0.441	[455, 179, 366]	[245, 366, 389]	[441, 119, 440]
7	18	0.218	0.644	0.203	[1089, 79, 3832]	[3219, 615, 1166]	[1017, 81, 3902]
7	18A	0.521	0.624	0.5	[521, 119, 360]	[624, 140, 236]	[500, 87, 413]
7	19	0.131	0.743	0.137	[524, 44, 3432]	[2972, 400, 628]	[548, 56, 3396]
7	19A	0.543	0.777	0.53	[543, 100, 357]	[777, 78, 145]	[530, 68, 402]
7	20	0.092	0.836	0.065	[368, 12, 3620]	[3344, 384, 272]	[260, 12, 3728]
7	20A	0.577	0.848	0.579	[577, 89, 334]	[848, 74, 78]	[579, 68, 353]
8	2A	0.477	0.259	0.379	[477, 122, 401]	[259, 0, 741]	[379, 58, 563]
8	3A	0.464	0.246	0.368	[464, 110, 426]	[246, 0, 754]	[368, 61, 571]
8	4	0.379	0.261	0.247	[379, 92, 529]	[261, 0, 739]	[247, 0, 753]
8	4A	0.462	0.238	0.412	[462, 90, 448]	[238, 0, 762]	[412, 62, 526]
8	5	0.36	0.233	0.251	[360, 94, 546]	[233, 0, 767]	[251, 0, 749]
8	5A	0.432	0.23	0.395	[432, 94, 474]	[230, 0, 770]	[395, 45, 560]
8	6	0.336	0.239	0.241	[671, 171, 1158]	[478, 0, 1522]	[483, 28, 1489]
8	6A	0.411	0.246	0.362	[411, 102, 487]	[246, 0, 754]	[362, 49, 589]
8	7	0.333	0.25	0.266	[666, 226, 1108]	[500, 0, 1500]	[532, 120, 1348]
8	7A	0.394	0.233	0.395	[394, 104, 502]	[233, 120, 647]	[395, 83, 522]
8	8	0.386	0.233	0.318	[1157, 528, 1315]	[699, 0, 2301]	[954, 399, 1647]
8	8A	0.455	0.361	0.417	[455, 169, 376]	[361, 371, 268]	[417, 140, 443]
8	9	0.483	0.246	0.459	[1450, 363, 1187]	[737, 0, 2263]	[1378, 261, 1361]
8	9A	0.528	0.718	0.52	[528, 97, 375]	[718, 140, 142]	[520, 79, 401]
8	10	0.547	0.245	0.53	[2190, 408, 1402]	[979, 0, 3021]	[2120, 327, 1553]
8	10A	0.581	0.872	0.538	[581, 87, 332]	[872, 69, 59]	[538, 76, 386]
8	11	0.583	0.256	0.553	[2331, 351, 1318]	[1024, 0, 2976]	[2211, 276, 1513]
8	11A	0.532	0.94	0.542	[2128, 408, 1464]	[3760, 240, 0]	[2168, 336, 1496]
8	12	0.321	0.24	0.314	[2567, 619, 4814]	[1917, 0, 6083]	[2515, 467, 5018]
8	12A	0.461	0.264	0.372	[461, 113, 426]	[264, 0, 736]	[372, 68, 560]
8	13	0.313	0.244	0.306	[2191, 494, 4315]	[1706, 0, 5294]	[2141, 454, 4405]
8	13A	0.471	0.247	0.385	[471, 103, 426]	[247, 0, 753]	[385, 55, 560]
8	14	0.287	0.251	0.288	[2011, 533, 4456]	[1756, 0, 5244]	[2016, 417, 4567]
8	14A	0.432	0.248	0.366	[432, 98, 470]	[248, 0, 752]	[366, 66, 568]
8	15	0.264	0.242	0.277	[1583, 408, 4009]	[1453, 0, 4547]	[1663, 297, 4040]
8	15A	0.426	0.229	0.399	[426, 102, 472]	[229, 0, 771]	[399, 66, 535]
8	16	0.214	0.236	0.243	[1284, 343, 4373]	[1418, 0, 4582]	[1461, 364, 4175]
8	16A	0.421	0.225	0.427	[421, 100, 479]	[225, 0, 775]	[427, 49, 524]
8	17	0.216	0.24	0.232	[1080, 307, 3613]	[1202, 670, 3128]	[1161, 252, 3587]
8	17A	0.413	0.233	0.373	[413, 110, 477]	[233, 121, 646]	[373, 91, 536]
8	18	0.207	0.368	0.189	[1037, 103, 3860]	[1841, 1843, 1316]	[946, 116, 3938]
8	18A	0.476	0.362	0.406	[476, 140, 384]	[362, 368, 270]	[406, 159, 435]
8	19	0.141	0.752	0.141	[564, 60, 3376]	[3008, 472, 520]	[564, 28, 3408]
8	19A	0.503	0.757	0.525	[503, 121, 376]	[757, 115, 128]	[525, 86, 389]
8	20	0.065	0.881	0.082	[260, 32, 3708]	[3524, 212, 264]	[328, 36, 3636]
8	20A	0.561	0.861	0.543	[561, 89, 350]	[861, 78, 61]	[543, 79, 378]
9	2A	0.447	0.207	0.345	[447, 123, 430]	[207, 0, 793]	[345, 57, 598]
9	3A	0.42	0.214	0.354	[420, 107, 473]	[214, 0, 786]	[354, 54, 592]
9	4	0.339	0.22	0.223	[339, 95, 566]	[220, 0, 780]	[223, 0, 777]
9	4A	0.375	0.237	0.35	[375, 103, 522]	[237, 0, 763]	[350, 54, 596]
9	5	0.322	0.245	0.236	[322, 105, 573]	[245, 0, 755]	[236, 0, 764]
9	5A	0.353	0.243	0.343	[353, 101, 546]	[243, 0, 757]	[343, 54, 603]
9	6	0.305	0.23	0.231	[611, 175, 1214]	[459, 0, 1541]	[462, 11, 1527]
9	6A	0.359	0.198	0.356	[359, 101, 540]	[198, 0, 802]	[356, 71, 573]
9	7	0.308	0.237	0.237	[616, 173, 1211]	[475, 0, 1525]	[475, 96, 1429]
9	7A	0.355	0.224	0.349	[355, 113, 532]	[224, 118, 658]	[349, 98, 553]
9	8	0.331	0.226	0.285	[994, 368, 1638]	[679, 0, 2321]	[855, 216, 1929]
9	8A	0.368	0.339	0.368	[368, 107, 525]	[339, 123, 538]	[368, 96, 536]
9	9	0.392	0.223	0.352	[1176, 503, 1321]	[669, 0, 2331]	[1055, 422, 1523]
9	9A	0.427	0.466	0.434	[427, 155, 418]	[466, 357, 177]	[434, 124, 442]
9	10	0.502	0.24	0.478	[2007, 451, 1542]	[962, 0, 3038]	[1912, 352, 1736]
9	10A	0.508	0.794	0.478	[508, 119, 373]	[794, 131, 75]	[478, 95, 427]
9	11	0.532	0.221	0.523	[2129, 392, 1479]	[883, 0, 3117]	[2094, 315, 1591]
9	11A	0.545	0.938	0.538	[2180, 392, 1428]	[3752, 248, 0]	[2152, 240, 1608]
9	12	0.283	0.235	0.286	[2261, 624, 5115]	[1881, 0, 6119]	[2287, 457, 5256]
9	12A	0.409	0.203	0.34	[409, 128, 463]	[203, 0, 797]	[340, 49, 611]
9	13	0.252	0.224	0.283	[1761, 530, 4709]	[1571, 0, 5429]	[1980, 343, 4677]
9	13A	0.418	0.254	0.356	[418, 110, 472]	[254, 0, 746]	[356, 58, 586]
9	14	0.233	0.225	0.253	[1633, 512, 4855]	[1577, 0, 5423]	[1771, 415, 4814]
9	14A	0.377	0.22	0.378	[377, 125, 498]	[220, 0, 780]	[378, 58, 564]
9	15	0.225	0.243	0.231	[1347, 369, 4284]	[1460, 0, 4540]	[1385, 392, 4223]
9	15A	0.351	0.209	0.386	[351, 120, 529]	[209, 0, 791]	[386, 49, 565]
9	16	0.196	0.237	0.223	[1173, 264, 4563]	[1421, 0, 4579]	[1335, 359, 4306]
9	16A	0.363	0.243	0.351	[363, 97, 540]	[243, 0, 757]	[351, 50, 599]
9	17	0.207	0.224	0.202	[1036, 263, 3701]	[1119, 630, 3251]	[1010, 244, 3746]
9	17A	0.366	0.213	0.349	[366, 107, 527]	[213, 129, 658]	[349, 84, 567]
9	18	0.172	0.36	0.163	[861, 212, 3927]	[1798, 612, 2590]	[816, 177, 4007]
9	18A	0.395	0.36	0.385	[395, 124, 481]	[360, 120, 520]	[385, 70, 545]
9	19	0.136	0.491	0.123	[544, 44, 3412]	[1964, 1364, 672]	[492, 48, 3460]
9	19A	0.436	0.485	0.411	[436, 144, 420]	[485, 348, 167]	[411, 132, 457]
9	20	0.082	0.814	0.068	[328, 20, 3652]	[3256, 472, 272]	[272, 24, 3704]
9	20A	0.496	0.822	0.508	[496, 130, 374]	[822, 118, 60]	[508, 77, 415]
10	2A	0.391	0.215	0.35	[1564, 432, 2004]	[860, 0, 3140]	[1400, 236, 2364]
10	3A	0.348	0.212	0.346	[1392, 412, 2196]	[848, 0, 3152]	[1384, 204, 2412]
10	4	0.268	0.217	0.214	[1072, 288, 2640]	[868, 0, 3132]	[856, 0, 3144]
10	4A	0.312	0.201	0.306	[1248, 484, 2268]	[804, 0, 3196]	[1224, 268, 2508]
10	5	0.282	0.212	0.212	[1128, 332, 2540]	[848, 0, 3152]	[848, 0, 3152]
10	5A	0.325	0.224	0.328	[1300, 340, 2360]	[896, 0, 3104]	[1312, 256, 2432]
10	6	0.261	0.214	0.213	[2088, 596, 5316]	[1716, 0, 6284]	[1704, 72, 6224]
10	6A	0.315	0.21	0.349	[1260, 416, 2324]	[840, 0, 3160]	[1396, 200, 2404]
10	7	0.26	0.215	0.212	[2080, 736, 5184]	[1720, 0, 6280]	[1696, 372, 5932]
10	7A	0.319	0.195	0.326	[1276, 404, 2320]	[780, 460, 2760]	[1304, 340, 2356]
10	8	0.288	0.205	0.256	[3452, 1336, 7212]	[2456, 0, 9544]	[3076, 512, 8412]
10	8A	0.366	0.341	0.343	[1464, 464, 2072]	[1364, 492, 2144]	[1372, 392, 2236]
10	9	0.343	0.213	0.317	[4120, 1216, 6664]	[2556, 0, 9444]	[3800, 896, 7304]
10	9A	0.391	0.437	0.369	[1564, 424, 2012]	[1748, 480, 1772]	[1476, 376, 2148]
10	10	0.395	0.211	0.391	[6324, 2716, 6960]	[3384, 0, 12616]	[6252, 2340, 7408]
10	10A	0.371	0.524	0.417	[1484, 672, 1844]	[2096, 1512, 392]	[1668, 528, 1804]
10	11	0.486	0.203	0.472	[7772, 1800, 6428]	[3248, 0, 12752]	[7560, 1448, 6992]
10	11A	0.492	0.899	0.453	[3444, 819, 2737]	[6293, 707, 0]	[3171, 560, 3269]
10	12	0.252	0.212	0.242	[5791, 1879, 15330]	[4868, 0, 18132]	[5557, 1504, 15939]
10	12A	0.378	0.217	0.334	[1512, 496, 1992]	[868, 0, 3132]	[1336, 288, 2376]
10	13	0.22	0.212	0.229	[4173, 1539, 13288]	[4025, 0, 14975]	[4354, 1106, 13540]
10	13A	0.369	0.228	0.313	[1476, 408, 2116]	[912, 0, 3088]	[1252, 168, 2580]
10	14	0.216	0.224	0.227	[4101, 1391, 13508]	[4255, 0, 14745]	[4314, 1138, 13548]
10	14A	0.35	0.197	0.328	[1400, 404, 2196]	[788, 0, 3212]	[1312, 216, 2472]
10	15	0.213	0.215	0.19	[3202, 952, 10846]	[3221, 0, 11779]	[2852, 877, 11271]
10	15A	0.322	0.2	0.302	[1288, 428, 2284]	[800, 0, 3200]	[1208, 268, 2524]
10	16	0.182	0.21	0.183	[2729, 896, 11375]	[3155, 0, 11845]	[2747, 1016, 11237]
10	16A	0.32	0.203	0.308	[1280, 372, 2348]	[812, 0, 3188]	[1232, 300, 2468]
10	17	0.173	0.215	0.157	[1904, 654, 8442]	[2364, 1262, 7374]	[1727, 597, 8676]
10	17A	0.323	0.208	0.287	[1292, 468, 2240]	[832, 472, 2696]	[1148, 332, 2520]
10	18	0.135	0.329	0.148	[1483, 338, 9179]	[3620, 1086, 6294]	[1629, 481, 8890]
10	18A	0.352	0.314	0.318	[1408, 456, 2136]	[1256, 428, 2316]	[1272, 340, 2388]
10	19	0.122	0.426	0.108	[854, 245, 5901]	[2982, 756, 3262]	[756, 280, 5964]
10	19A	0.35	0.441	0.363	[1400, 440, 2160]	[1764, 380, 1856]	[1452, 372, 2176]
10	20	0.067	0.556	0.065	[469, 70, 6461]	[3892, 2352, 756]	[455, 84, 6461]
10	20A	0.378	0.536	0.421	[1512, 708, 1780]	[2144, 1444, 412]	[1684, 556, 1760]
