dealer	player	hit	stay	double	hit	stay	double
1	2A	0.286	0.12	0.22	[286, 124, 590]	[120, 0, 880]	[220, 85, 695]
1	3A	0.308	0.093	0.222	[308, 126, 566]	[93, 0, 907]	[222, 62, 716]
1	4	0.217	0.106	0.108	[217, 99, 684]	[106, 0, 894]	[108, 0, 892]
1	4A	0.26	0.111	0.233	[260, 128, 612]	[111, 0, 889]	[233, 65, 702]
1	5	0.227	0.114	0.131	[227, 107, 666]	[114, 0, 886]	[131, 0, 869]
1	5A	0.258	0.115	0.223	[258, 107, 635]	[115, 0, 885]	[223, 56, 721]
1	6	0.203	0.097	0.126	[406, 199, 1395]	[194, 0, 1806]	[252, 19, 1729]
1	6A	0.249	0.102	0.211	[249, 124, 627]	[102, 0, 898]	[211, 60, 729]
1	7	0.178	0.114	0.126	[356, 214, 1430]	[227, 0, 1773]	[252, 82, 1666]
1	7A	0.238	0.111	0.219	[238, 116, 646]	[111, 124, 765]	[219, 99, 682]
1	8	0.236	0.115	0.176	[707, 319, 1974]	[344, 0, 2656]	[527, 189, 2284]
1	8A	0.249	0.211	0.258	[249, 120, 631]	[211, 144, 645]	[258, 106, 636]
1	9	0.259	0.122	0.245	[777, 356, 1867]	[366, 0, 2634]	[735, 201, 2064]
1	9A	0.29	0.399	0.311	[290, 139, 571]	[399, 126, 475]	[311, 103, 586]
1	10	0.319	0.114	0.317	[1277, 525, 2198]	[455, 0, 3545]	[1266, 364, 2370]
1	10A	0.32	0.515	0.305	[320, 130, 550]	[515, 118, 367]	[305, 88, 607]
1	11	0.347	0.118	0.353	[1388, 744, 1868]	[472, 0, 3528]	[1411, 627, 1962]
1	11A	0.354	0.635	0.368	[1416, 756, 1828]	[2540, 1460, 0]	[1472, 532, 1996]
1	12	0.194	0.114	0.184	[1549, 740, 5711]	[909, 0, 7091]	[1472, 644, 5884]
1	12A	0.284	0.11	0.198	[284, 120, 596]	[110, 0, 890]	[198, 83, 719]
1	13	0.167	0.124	0.183	[1169, 708, 5123]	[870, 0, 6130]	[1283, 552, 5165]
1	13A	0.271	0.119	0.219	[271, 135, 594]	[119, 0, 881]	[219, 70, 711]
1	14	0.169	0.114	0.153	[1183, 583, 5234]	[799, 0, 6201]	[1068, 484, 5448]
1	14A	0.262	0.115	0.2	[262, 132, 606]	[115, 0, 885]	[200, 77, 723]
1	15	0.161	0.114	0.164	[967, 407, 4626]	[683, 0, 5317]	[986, 354, 4660]
1	15A	0.266	0.125	0.195	[266, 113, 621]	[125, 0, 875]	[195, 86, 719]
1	16	0.141	0.124	0.152	[843, 389, 4768]	[746, 0, 5254]	[914, 413, 4673]
1	16A	0.269	0.12	0.227	[269, 115, 616]	[120, 0, 880]	[227, 71, 702]
1	17	0.127	0.117	0.135	[634, 332, 4034]	[583, 622, 3795]	[675, 314, 4011]
1	17A	0.23	0.105	0.206	[230, 130, 640]	[105, 150, 745]	[206, 106, 688]
1	18	0.144	0.247	0.106	[720, 195, 4085]	[1236, 606, 3158]	[528, 246, 4226]
1	18A	0.259	0.243	0.275	[259, 124, 617]	[243, 144, 613]	[275, 109, 616]
1	19	0.083	0.385	0.071	[332, 124, 3544]	[1540, 500, 1960]	[284, 144, 3572]
1	19A	0.302	0.385	0.263	[302, 140, 558]	[385, 133, 482]	[263, 108, 629]
1	20	0.036	0.518	0.038	[144, 84, 3772]	[2072, 556, 1372]	[152, 132, 3716]
1	20A	0.307	0.5	0.302	[307, 126, 567]	[500, 141, 359]	[302, 108, 590]
2	2A	0.471	0.345	0.438	[471, 90, 439]	[345, 0, 655]	[438, 50, 512]
2	3A	0.455	0.344	0.464	[455, 94, 451]	[344, 0, 656]	[464, 43, 493]
2	4	0.355	0.358	0.357	[355, 79, 566]	[358, 0, 642]	[357, 0, 643]
2	4A	0.451	0.35	0.451	[451, 94, 455]	[350, 0, 650]	[451, 50, 499]
2	5	0.365	0.327	0.358	[365, 92, 543]	[327, 0, 673]	[358, 0, 642]
2	5A	0.397	0.353	0.445	[397, 83, 520]	[353, 0, 647]	[445, 55, 500]
2	6	0.331	0.351	0.355	[661, 153, 1186]	[702, 0, 1298]	[710, 22, 1268]
2	6A	0.396	0.37	0.478	[396, 106, 498]	[370, 0, 630]	[478, 48, 474]
2	7	0.37	0.366	0.365	[740, 171, 1089]	[732, 0, 1268]	[731, 100, 1169]
2	7A	0.402	0.355	0.448	[402, 111, 487]	[355, 142, 503]	[448, 75, 477]
2	8	0.424	0.354	0.408	[1273, 314, 1413]	[1061, 0, 1939]	[1223, 199, 1578]
2	8A	0.446	0.499	0.488	[446, 115, 439]	[499, 122, 379]	[488, 86, 426]
2	9	0.457	0.37	0.488	[1371, 300, 1329]	[1109, 0, 1891]	[1464, 200, 1336]
2	9A	0.477	0.615	0.524	[477, 109, 414]	[615, 137, 248]	[524, 74, 402]
2	10	0.509	0.353	0.546	[2035, 406, 1559]	[1414, 0, 2586]	[2185, 318, 1497]
2	10A	0.512	0.778	0.572	[512, 94, 394]	[778, 125, 97]	[572, 71, 357]
2	11	0.554	0.356	0.589	[2216, 388, 1396]	[1425, 0, 2575]	[2354, 301, 1345]
2	11A	0.552	0.888	0.557	[2208, 440, 1352]	[3552, 448, 0]	[2228, 320, 1452]
2	12	0.311	0.351	0.333	[2486, 570, 4944]	[2808, 0, 5192]	[2663, 394, 4943]
2	12A	0.483	0.354	0.468	[483, 104, 413]	[354, 0, 646]	[468, 52, 480]
2	13	0.289	0.369	0.319	[2026, 397, 4577]	[2582, 0, 4418]	[2235, 376, 4389]
2	13A	0.429	0.373	0.442	[429, 107, 464]	[373, 0, 627]	[442, 52, 506]
2	14	0.294	0.351	0.291	[2055, 398, 4547]	[2458, 0, 4542]	[2037, 375, 4588]
2	14A	0.448	0.351	0.468	[448, 88, 464]	[351, 0, 649]	[468, 44, 488]
2	15	0.26	0.342	0.269	[1557, 354, 4089]	[2050, 0, 3950]	[1616, 319, 4065]
2	15A	0.426	0.342	0.448	[426, 91, 483]	[342, 0, 658]	[448, 42, 510]
2	16	0.249	0.366	0.24	[1492, 246, 4262]	[2195, 0, 3805]	[1443, 280, 4277]
2	16A	0.378	0.339	0.469	[378, 91, 531]	[339, 0, 661]	[469, 54, 477]
2	17	0.21	0.352	0.211	[1048, 219, 3733]	[1758, 628, 2614]	[1054, 215, 3731]
2	17A	0.403	0.339	0.442	[403, 105, 492]	[339, 145, 516]	[442, 83, 475]
2	18	0.159	0.492	0.184	[793, 121, 4086]	[2462, 651, 1887]	[919, 209, 3872]
2	18A	0.473	0.487	0.487	[473, 114, 413]	[487, 153, 360]	[487, 85, 428]
2	19	0.111	0.654	0.147	[444, 84, 3472]	[2616, 456, 928]	[588, 68, 3344]
2	19A	0.504	0.641	0.506	[504, 93, 403]	[641, 141, 218]	[506, 89, 405]
2	20	0.068	0.765	0.061	[272, 36, 3692]	[3060, 496, 444]	[244, 48, 3708]
2	20A	0.525	0.759	0.568	[525, 99, 376]	[759, 117, 124]	[568, 83, 349]
3	2A	0.502	0.406	0.485	[502, 88, 410]	[406, 0, 594]	[485, 54, 461]
3	3A	0.449	0.398	0.45	[449, 83, 468]	[398, 0, 602]	[450, 53, 497]
3	4	0.371	0.356	0.374	[371, 74, 555]	[356, 0, 644]	[374, 0, 626]
3	4A	0.461	0.369	0.497	[461, 79, 460]	[369, 0, 631]	[497, 48, 455]
3	5	0.371	0.381	0.381	[371, 77, 552]	[381, 0, 619]	[381, 0, 619]
3	5A	0.421	0.374	0.458	[421, 89, 490]	[374, 0, 626]	[458, 56, 486]
3	6	0.35	0.383	0.382	[700, 180, 1120]	[766, 0, 1234]	[763, 24, 1213]
3	6A	0.424	0.376	0.478	[424, 74, 502]	[376, 0, 624]	[478, 36, 486]
3	7	0.391	0.376	0.375	[781, 200, 1019]	[751, 0, 1249]	[750, 110, 1140]
3	7A	0.427	0.383	0.461	[427, 101, 472]	[383, 139, 478]	[461, 81, 458]
3	8	0.421	0.368	0.434	[1263, 334, 1403]	[1104, 0, 1896]	[1302, 217, 1481]
3	8A	0.468	0.499	0.517	[468, 110, 422]	[499, 126, 375]	[517, 69, 414]
3	9	0.468	0.363	0.486	[1405, 297, 1298]	[1089, 0, 1911]	[1458, 197, 1345]
3	9A	0.486	0.613	0.507	[486, 104, 410]	[613, 134, 253]	[507, 72, 421]
3	10	0.519	0.37	0.562	[2076, 385, 1539]	[1480, 0, 2520]	[2248, 318, 1434]
3	10A	0.534	0.769	0.558	[534, 100, 366]	[769, 121, 110]	[558, 76, 366]
3	11	0.558	0.373	0.582	[2233, 416, 1351]	[1494, 0, 2506]	[2329, 312, 1359]
3	11A	0.587	0.901	0.589	[2348, 344, 1308]	[3604, 396, 0]	[2356, 316, 1328]
3	12	0.319	0.367	0.35	[2552, 510, 4938]	[2940, 0, 5060]	[2798, 386, 4816]
3	12A	0.499	0.402	0.481	[499, 79, 422]	[402, 0, 598]	[481, 51, 468]
3	13	0.306	0.362	0.333	[2145, 376, 4479]	[2536, 0, 4464]	[2330, 332, 4338]
3	13A	0.434	0.403	0.478	[434, 85, 481]	[403, 0, 597]	[478, 50, 472]
3	14	0.304	0.369	0.288	[2128, 430, 4442]	[2584, 0, 4416]	[2017, 347, 4636]
3	14A	0.443	0.405	0.502	[443, 82, 475]	[405, 0, 595]	[502, 45, 453]
3	15	0.258	0.379	0.266	[1548, 278, 4174]	[2274, 0, 3726]	[1596, 278, 4126]
3	15A	0.432	0.377	0.488	[432, 89, 479]	[377, 0, 623]	[488, 49, 463]
3	16	0.244	0.385	0.235	[1463, 302, 4235]	[2310, 0, 3690]	[1413, 303, 4284]
3	16A	0.387	0.367	0.463	[387, 81, 532]	[367, 0, 633]	[463, 54, 483]
3	17	0.226	0.374	0.225	[1131, 217, 3652]	[1869, 680, 2451]	[1125, 199, 3676]
3	17A	0.426	0.38	0.469	[426, 101, 473]	[380, 142, 478]	[469, 80, 451]
3	18	0.167	0.515	0.177	[836, 126, 4038]	[2573, 660, 1767]	[883, 135, 3982]
3	18A	0.446	0.481	0.529	[446, 109, 445]	[481, 142, 377]	[529, 71, 400]
3	19	0.121	0.602	0.123	[484, 104, 3412]	[2408, 552, 1040]	[492, 120, 3388]
3	19A	0.493	0.636	0.531	[493, 89, 418]	[636, 124, 240]	[531, 85, 384]
3	20	0.064	0.758	0.075	[256, 24, 3720]	[3032, 512, 456]	[300, 4, 3696]
3	20A	0.554	0.784	0.567	[554, 100, 346]	[784, 108, 108]	[567, 84, 349]
4	2A	0.5	0.402	0.501	[500, 92, 408]	[402, 0, 598]	[501, 42, 457]
4	3A	0.468	0.362	0.492	[468, 100, 432]	[362, 0, 638]	[492, 42, 466]
4	4	0.396	0.38	0.386	[396, 68, 536]	[380, 0, 620]	[386, 0, 614]
4	4A	0.451	0.37	0.481	[451, 81, 468]	[370, 0, 630]	[481, 52, 467]
4	5	0.387	0.398	0.401	[387, 63, 550]	[398, 0, 602]	[401, 0, 599]
4	5A	0.426	0.408	0.493	[426, 86, 488]	[408, 0, 592]	[493, 42, 465]
4	6	0.365	0.369	0.387	[731, 143, 1126]	[738, 0, 1262]	[773, 21, 1206]
4	6A	0.44	0.433	0.518	[440, 89, 471]	[433, 0, 567]	[518, 48, 434]
4	7	0.403	0.409	0.397	[805, 188, 1007]	[819, 0, 1181]	[793, 103, 1104]
4	7A	0.433	0.418	0.473	[433, 90, 477]	[418, 122, 460]	[473, 86, 441]
4	8	0.433	0.408	0.464	[1299, 284, 1417]	[1223, 0, 1777]	[1391, 161, 1448]
4	8A	0.488	0.494	0.521	[488, 98, 414]	[494, 136, 370]	[521, 66, 413]
4	9	0.499	0.409	0.503	[1498, 293, 1209]	[1226, 0, 1774]	[1510, 218, 1272]
4	9A	0.549	0.657	0.551	[549, 79, 372]	[657, 127, 216]	[551, 66, 383]
4	10	0.535	0.398	0.589	[2139, 367, 1494]	[1590, 0, 2410]	[2354, 297, 1349]
4	10A	0.564	0.777	0.596	[564, 74, 362]	[777, 109, 114]	[596, 71, 333]
4	11	0.566	0.398	0.604	[2264, 376, 1360]	[1592, 0, 2408]	[2417, 290, 1293]
4	11A	0.547	0.886	0.593	[2188, 428, 1384]	[3544, 456, 0]	[2372, 296, 1332]
4	12	0.347	0.409	0.367	[2777, 541, 4682]	[3269, 0, 4731]	[2938, 372, 4690]
4	12A	0.49	0.383	0.48	[490, 80, 430]	[383, 0, 617]	[480, 54, 466]
4	13	0.3	0.42	0.326	[2101, 369, 4530]	[2941, 0, 4059]	[2280, 365, 4355]
4	13A	0.497	0.394	0.495	[497, 100, 403]	[394, 0, 606]	[495, 56, 449]
4	14	0.283	0.39	0.317	[1984, 378, 4638]	[2731, 0, 4269]	[2219, 348, 4433]
4	14A	0.481	0.371	0.502	[481, 83, 436]	[371, 0, 629]	[502, 45, 453]
4	15	0.273	0.4	0.291	[1640, 285, 4075]	[2397, 0, 3603]	[1744, 271, 3985]
4	15A	0.442	0.373	0.484	[442, 83, 475]	[373, 0, 627]	[484, 58, 458]
4	16	0.248	0.404	0.249	[1487, 289, 4224]	[2422, 0, 3578]	[1497, 281, 4222]
4	16A	0.42	0.374	0.475	[420, 81, 499]	[374, 0, 626]	[475, 43, 482]
4	17	0.225	0.393	0.221	[1127, 192, 3681]	[1964, 665, 2371]	[1104, 201, 3695]
4	17A	0.442	0.387	0.478	[442, 103, 455]	[387, 133, 480]	[478, 87, 435]
4	18	0.185	0.535	0.177	[926, 159, 3915]	[2676, 580, 1744]	[886, 120, 3994]
4	18A	0.449	0.493	0.523	[449, 102, 449]	[493, 139, 368]	[523, 64, 413]
4	19	0.145	0.644	0.134	[580, 60, 3360]	[2576, 588, 836]	[536, 68, 3396]
4	19A	0.521	0.657	0.571	[521, 87, 392]	[657, 137, 206]	[571, 76, 353]
4	20	0.083	0.796	0.065	[332, 56, 3612]	[3184, 460, 356]	[260, 40, 3700]
4	20A	0.532	0.786	0.56	[532, 88, 380]	[786, 104, 110]	[560, 78, 362]
5	2A	0.485	0.416	0.54	[485, 98, 417]	[416, 0, 584]	[540, 38, 422]
5	3A	0.449	0.436	0.49	[449, 98, 453]	[436, 0, 564]	[490, 47, 463]
5	4	0.412	0.413	0.424	[412, 58, 530]	[413, 0, 587]	[424, 0, 576]
5	4A	0.456	0.422	0.517	[456, 74, 470]	[422, 0, 578]	[517, 44, 439]
5	5	0.403	0.423	0.414	[403, 64, 533]	[423, 0, 577]	[414, 0, 586]
5	5A	0.455	0.412	0.509	[455, 68, 477]	[412, 0, 588]	[509, 49, 442]
5	6	0.343	0.431	0.421	[685, 136, 1179]	[862, 0, 1138]	[843, 20, 1137]
5	6A	0.386	0.444	0.54	[386, 76, 538]	[444, 0, 556]	[540, 48, 412]
5	7	0.417	0.409	0.44	[834, 153, 1013]	[819, 0, 1181]	[880, 81, 1039]
5	7A	0.461	0.449	0.528	[461, 91, 448]	[449, 120, 431]	[528, 58, 414]
5	8	0.443	0.412	0.474	[1330, 264, 1406]	[1237, 0, 1763]	[1423, 167, 1410]
5	8A	0.499	0.524	0.556	[499, 105, 396]	[524, 125, 351]	[556, 74, 370]
5	9	0.489	0.417	0.528	[1466, 267, 1267]	[1252, 0, 1748]	[1584, 217, 1199]
5	9A	0.558	0.643	0.561	[558, 95, 347]	[643, 128, 229]	[561, 65, 374]
5	10	0.546	0.416	0.574	[2183, 414, 1403]	[1666, 0, 2334]	[2295, 309, 1396]
5	10A	0.559	0.771	0.601	[559, 76, 365]	[771, 101, 128]	[601, 68, 331]
5	11	0.579	0.413	0.617	[2316, 370, 1314]	[1653, 0, 2347]	[2466, 291, 1243]
5	11A	0.567	0.87	0.641	[2268, 380, 1352]	[3480, 520, 0]	[2564, 236, 1200]
5	12	0.341	0.403	0.369	[2731, 521, 4748]	[3227, 0, 4773]	[2955, 400, 4645]
5	12A	0.487	0.426	0.484	[487, 103, 410]	[426, 0, 574]	[484, 44, 472]
5	13	0.321	0.4	0.348	[2247, 406, 4347]	[2802, 0, 4198]	[2436, 311, 4253]
5	13A	0.501	0.406	0.502	[501, 74, 425]	[406, 0, 594]	[502, 52, 446]
5	14	0.302	0.422	0.328	[2115, 370, 4515]	[2953, 0, 4047]	[2297, 299, 4404]
5	14A	0.464	0.395	0.517	[464, 82, 454]	[395, 0, 605]	[517, 34, 449]
5	15	0.281	0.399	0.315	[1683, 301, 4016]	[2391, 0, 3609]	[1889, 282, 3829]
5	15A	0.441	0.396	0.512	[441, 83, 476]	[396, 0, 604]	[512, 37, 451]
5	16	0.238	0.433	0.234	[1431, 304, 4265]	[2601, 0, 3399]	[1401, 313, 4286]
5	16A	0.441	0.431	0.496	[441, 66, 493]	[431, 0, 569]	[496, 59, 445]
5	17	0.24	0.414	0.202	[1198, 162, 3640]	[2071, 559, 2370]	[1008, 180, 3812]
5	17A	0.448	0.405	0.512	[448, 102, 450]	[405, 129, 466]	[512, 73, 415]
5	18	0.168	0.545	0.168	[840, 127, 4033]	[2727, 591, 1682]	[839, 131, 4030]
5	18A	0.501	0.546	0.565	[501, 82, 417]	[546, 113, 341]	[565, 68, 367]
5	19	0.13	0.681	0.128	[520, 76, 3404]	[2724, 380, 896]	[512, 72, 3416]
5	19A	0.519	0.65	0.572	[519, 79, 402]	[650, 118, 232]	[572, 78, 350]
5	20	0.069	0.76	0.081	[276, 16, 3708]	[3040, 420, 540]	[324, 24, 3652]
5	20A	0.555	0.761	0.59	[555, 91, 354]	[761, 122, 117]	[590, 86, 324]
6	2A	0.522	0.432	0.509	[522, 87, 391]	[432, 0, 568]	[509, 39, 452]
6	3A	0.509	0.449	0.532	[509, 69, 422]	[449, 0, 551]	[532, 45, 423]
6	4	0.409	0.447	0.412	[409, 73, 518]	[447, 0, 553]	[412, 0, 588]
6	4A	0.497	0.415	0.504	[497, 84, 419]	[415, 0, 585]	[504, 45, 451]
6	5	0.39	0.418	0.417	[390, 69, 541]	[418, 0, 582]	[417, 0, 583]
6	5A	0.461	0.42	0.521	[461, 92, 447]	[420, 0, 580]	[521, 50, 429]
6	6	0.368	0.413	0.441	[736, 141, 1123]	[826, 0, 1174]	[882, 25, 1093]
6	6A	0.455	0.426	0.5	[455, 72, 473]	[426, 0, 574]	[500, 41, 459]
6	7	0.429	0.419	0.445	[858, 194, 948]	[838, 0, 1162]	[890, 107, 1003]
6	7A	0.471	0.416	0.511	[471, 115, 414]	[416, 169, 415]	[511, 77, 412]
6	8	0.466	0.417	0.489	[1399, 247, 1354]	[1252, 0, 1748]	[1466, 168, 1366]
6	8A	0.545	0.605	0.556	[545, 85, 370]	[605, 102, 293]	[556, 63, 381]
6	9	0.491	0.43	0.549	[1472, 275, 1253]	[1290, 0, 1710]	[1648, 194, 1158]
6	9A	0.533	0.67	0.597	[533, 90, 377]	[670, 125, 205]	[597, 71, 332]
6	10	0.548	0.426	0.62	[2193, 388, 1419]	[1703, 0, 2297]	[2481, 264, 1255]
6	10A	0.574	0.792	0.614	[574, 86, 340]	[792, 103, 105]	[614, 70, 316]
6	11	0.587	0.424	0.631	[2349, 349, 1302]	[1696, 0, 2304]	[2526, 262, 1212]
6	11A	0.546	0.912	0.647	[2184, 364, 1452]	[3648, 352, 0]	[2588, 252, 1160]
6	12	0.348	0.418	0.39	[2785, 465, 4750]	[3341, 0, 4659]	[3120, 402, 4478]
6	12A	0.522	0.426	0.517	[522, 88, 390]	[426, 0, 574]	[517, 53, 430]
6	13	0.334	0.436	0.39	[2338, 371, 4291]	[3052, 0, 3948]	[2729, 238, 4033]
6	13A	0.51	0.397	0.53	[510, 80, 410]	[397, 0, 603]	[530, 60, 410]
6	14	0.294	0.426	0.311	[2056, 361, 4583]	[2981, 0, 4019]	[2178, 314, 4508]
6	14A	0.487	0.421	0.504	[487, 76, 437]	[421, 0, 579]	[504, 38, 458]
6	15	0.283	0.404	0.283	[1697, 358, 3945]	[2424, 0, 3576]	[1701, 240, 4059]
6	15A	0.456	0.435	0.547	[456, 97, 447]	[435, 0, 565]	[547, 35, 418]
6	16	0.262	0.43	0.27	[1570, 327, 4103]	[2579, 0, 3421]	[1621, 282, 4097]
6	16A	0.468	0.424	0.53	[468, 68, 464]	[424, 0, 576]	[530, 47, 423]
6	17	0.234	0.43	0.233	[1171, 126, 3703]	[2152, 813, 2035]	[1164, 157, 3679]
6	17A	0.48	0.452	0.515	[480, 104, 416]	[452, 148, 400]	[515, 77, 408]
6	18	0.19	0.582	0.198	[951, 116, 3933]	[2909, 495, 1596]	[989, 98, 3913]
6	18A	0.55	0.579	0.573	[550, 85, 365]	[579, 118, 303]	[573, 71, 356]
6	19	0.148	0.703	0.119	[592, 44, 3364]	[2812, 432, 756]	[476, 68, 3456]
6	19A	0.535	0.679	0.618	[535, 99, 366]	[679, 112, 209]	[618, 62, 320]
6	20	0.069	0.809	0.057	[276, 24, 3700]	[3236, 468, 296]	[228, 52, 3720]
6	20A	0.557	0.798	0.627	[557, 77, 366]	[798, 104, 98]	[627, 63, 310]
7	2A	0.516	0.26	0.422	[516, 111, 373]	[260, 0, 740]	[422, 61, 517]
7	3A	0.484	0.264	0.424	[484, 134, 382]	[264, 0, 736]	[424, 51, 525]
7	4	0.407	0.262	0.278	[407, 103, 490]	[262, 0, 738]	[278, 0, 722]
7	4A	0.45	0.255	0.423	[450, 108, 442]	[255, 0, 745]	[423, 52, 525]
7	5	0.392	0.254	0.286	[392, 94, 514]	[254, 0, 746]	[286, 0, 714]
7	5A	0.491	0.252	0.423	[491, 85, 424]	[252, 0, 748]	[423, 52, 525]
7	6	0.372	0.241	0.274	[745, 181, 1074]	[482, 0, 1518]	[548, 51, 1401]
7	6A	0.438	0.275	0.408	[438, 106, 456]	[275, 0, 725]	[408, 49, 543]
7	7	0.389	0.258	0.283	[777, 354, 869]	[516, 0, 1484]	[566, 248, 1186]
7	7A	0.443	0.254	0.436	[443, 157, 400]	[254, 388, 358]	[436, 125, 439]
7	8	0.48	0.274	0.404	[1440, 323, 1237]	[822, 0, 2178]	[1213, 265, 1522]
7	8A	0.526	0.643	0.473	[526, 102, 372]	[643, 134, 223]	[473, 84, 443]
7	9	0.53	0.264	0.469	[1591, 315, 1094]	[792, 0, 2208]	[1408, 226, 1366]
7	9A	0.545	0.75	0.544	[545, 119, 336]	[750, 93, 157]	[544, 84, 372]
7	10	0.58	0.254	0.58	[2318, 371, 1311]	[1014, 0, 2986]	[2318, 299, 1383]
7	10A	0.55	0.845	0.576	[550, 123, 327]	[845, 85, 70]	[576, 80, 344]
7	11	0.597	0.257	0.58	[2387, 377, 1236]	[1027, 0, 2973]	[2319, 272, 1409]
7	11A	0.595	0.932	0.572	[2380, 420, 1200]	[3728, 272, 0]	[2288, 328, 1384]
7	12	0.358	0.27	0.345	[2862, 607, 4531]	[2162, 0, 5838]	[2762, 457, 4781]
7	12A	0.501	0.244	0.416	[501, 133, 366]	[244, 0, 756]	[416, 55, 529]
7	13	0.325	0.268	0.322	[2273, 419, 4308]	[1873, 0, 5127]	[2254, 331, 4415]
7	13A	0.49	0.27	0.425	[490, 108, 402]	[270, 0, 730]	[425, 62, 513]
7	14	0.301	0.273	0.306	[2108, 465, 4427]	[1913, 0, 5087]	[2139, 353, 4508]
7	14A	0.481	0.279	0.429	[481, 111, 408]	[279, 0, 721]	[429, 59, 512]
7	15	0.267	0.253	0.28	[1603, 293, 4104]	[1518, 0, 4482]	[1679, 365, 3956]
7	15A	0.447	0.256	0.448	[447, 114, 439]	[256, 0, 744]	[448, 54, 498]
7	16	0.248	0.26	0.276	[1488, 334, 4178]	[1558, 0, 4442]	[1656, 310, 4034]
7	16A	0.438	0.245	0.426	[438, 97, 465]	[245, 0, 755]	[426, 53, 521]
7	17	0.252	0.25	0.233	[1259, 157, 3584]	[1250, 1856, 1894]	[1167, 159, 3674]
7	17A	0.423	0.267	0.44	[423, 172, 405]	[267, 381, 352]	[440, 136, 424]
7	18	0.192	0.637	0.215	[959, 90, 3951]	[3186, 710, 1104]	[1075, 109, 3816]
7	18A	0.545	0.635	0.522	[545, 111, 344]	[635, 137, 228]	[522, 80, 398]
7	19	0.145	0.758	0.138	[580, 32, 3388]	[3032, 356, 612]	[552, 40, 3408]
7	19A	0.547	0.785	0.565	[547, 105, 348]	[785, 81, 134]	[565, 61, 374]
7	20	0.089	0.846	0.086	[356, 20, 3624]	[3384, 320, 296]	[344, 20, 3636]
7	20A	0.591	0.845	0.55	[591, 94, 315]	[845, 71, 84]	[550, 65, 385]
8	2A	0.466	0.24	0.386	[466, 125, 409]	[240, 0, 760]	[386, 41, 573]
8	3A	0.465	0.244	0.39	[465, 122, 413]	[244, 0, 756]	[390, 48, 562]
8	4	0.373	0.272	0.278	[373, 99, 528]	[272, 0, 728]	[278, 0, 722]
8	4A	0.447	0.224	0.399	[447, 110, 443]	[224, 0, 776]	[399, 66, 535]
8	5	0.365	0.237	0.258	[365, 106, 529]	[237, 0, 763]	[258, 0, 742]
8	5A	0.412	0.244	0.4	[412, 95, 493]	[244, 0, 756]	[400, 57, 543]
8	6	0.317	0.241	0.244	[634, 182, 1184]	[483, 0, 1517]	[488, 21, 1491]
8	6A	0.401	0.24	0.382	[401, 87, 512]	[240, 0, 760]	[382, 58, 560]
8	7	0.33	0.254	0.252	[660, 231, 1109]	[508, 0, 1492]	[504, 137, 1359]
8	7A	0.406	0.233	0.406	[406, 105, 489]	[233, 132, 635]	[406, 87, 507]
8	8	0.391	0.245	0.311	[1173, 493, 1334]	[736, 0, 2264]	[934, 425, 1641]
8	8A	0.419	0.362	0.409	[419, 187, 394]	[362, 359, 279]	[409, 154, 437]
8	9	0.498	0.236	0.45	[1495, 362, 1143]	[707, 0, 2293]	[1350, 263, 1387]
8	9A	0.507	0.731	0.533	[507, 135, 358]	[731, 130, 139]	[533, 79, 388]
8	10	0.539	0.249	0.533	[2156, 398, 1446]	[996, 0, 3004]	[2131, 296, 1573]
8	10A	0.543	0.874	0.512	[543, 101, 356]	[874, 74, 52]	[512, 81, 407]
8	11	0.556	0.238	0.555	[2223, 412, 1365]	[953, 0, 3047]	[2220, 268, 1512]
8	11A	0.577	0.925	0.594	[2308, 388, 1304]	[3700, 300, 0]	[2376, 292, 1332]
8	12	0.329	0.245	0.313	[2635, 612, 4753]	[1963, 0, 6037]	[2506, 414, 5080]
8	12A	0.482	0.262	0.389	[482, 116, 402]	[262, 0, 738]	[389, 46, 565]
8	13	0.296	0.25	0.305	[2075, 539, 4386]	[1753, 0, 5247]	[2133, 375, 4492]
8	13A	0.48	0.251	0.393	[480, 96, 424]	[251, 0, 749]	[393, 58, 549]
8	14	0.277	0.245	0.269	[1936, 466, 4598]	[1716, 0, 5284]	[1886, 427, 4687]
8	14A	0.448	0.233	0.389	[448, 94, 458]	[233, 0, 767]	[389, 70, 541]
8	15	0.256	0.239	0.253	[1536, 381, 4083]	[1435, 0, 4565]	[1515, 392, 4093]
8	15A	0.429	0.243	0.387	[429, 97, 474]	[243, 0, 757]	[387, 52, 561]
8	16	0.244	0.254	0.246	[1463, 332, 4205]	[1526, 0, 4474]	[1477, 288, 4235]
8	16A	0.401	0.243	0.37	[401, 102, 497]	[243, 0, 757]	[370, 57, 573]
8	17	0.227	0.253	0.222	[1136, 261, 3603]	[1267, 659, 3074]	[1112, 230, 3658]
8	17A	0.394	0.255	0.398	[394, 113, 493]	[255, 114, 631]	[398, 88, 514]
8	18	0.175	0.372	0.191	[875, 106, 4019]	[1862, 1856, 1282]	[953, 108, 3939]
8	18A	0.44	0.397	0.408	[440, 180, 380]	[397, 318, 285]	[408, 145, 447]
8	19	0.135	0.763	0.127	[540, 28, 3432]	[3052, 456, 492]	[508, 40, 3452]
8	19A	0.545	0.748	0.487	[545, 112, 343]	[748, 103, 149]	[487, 103, 410]
8	20	0.072	0.866	0.07	[288, 12, 3700]	[3464, 300, 236]	[280, 28, 3692]
8	20A	0.518	0.853	0.535	[518, 103, 379]	[853, 70, 77]	[535, 75, 390]
9	2A	0.426	0.214	0.339	[426, 128, 446]	[214, 0, 786]	[339, 49, 612]
9	3A	0.403	0.212	0.353	[403, 134, 463]	[212, 0, 788]	[353, 65, 582]
9	4	0.349	0.224	0.221	[349, 81, 570]	[224, 0, 776]	[221, 0, 779]
9	4A	0.383	0.224	0.362	[383, 95, 522]	[224, 0, 776]	[362, 48, 590]
9	5	0.347	0.202	0.228	[347, 86, 567]	[202, 0, 798]	[228, 0, 772]
9	5A	0.385	0.237	0.354	[385, 100, 515]	[237, 0, 763]	[354, 54, 592]
9	6	0.304	0.241	0.235	[609, 169, 1222]	[482, 0, 1518]	[471, 23, 1506]
9	6A	0.355	0.221	0.346	[355, 98, 547]	[221, 0, 779]	[346, 59, 595]
9	7	0.284	0.24	0.247	[568, 204, 1228]	[481, 0, 1519]	[494, 77, 1429]
9	7A	0.366	0.256	0.347	[366, 109, 525]	[256, 117, 627]	[347, 87, 566]
9	8	0.327	0.23	0.276	[980, 325, 1695]	[691, 0, 2309]	[828, 209, 1963]
9	8A	0.38	0.332	0.387	[380, 111, 509]	[332, 130, 538]	[387, 86, 527]
9	9	0.381	0.226	0.363	[1143, 527, 1330]	[677, 0, 2323]	[1088, 405, 1507]
9	9A	0.431	0.49	0.399	[431, 143, 426]	[490, 332, 178]	[399, 142, 459]
9	10	0.492	0.222	0.495	[1968, 456, 1576]	[889, 0, 3111]	[1981, 374, 1645]
9	10A	0.485	0.821	0.494	[485, 115, 400]	[821, 123, 56]	[494, 85, 421]
9	11	0.531	0.224	0.513	[2126, 356, 1518]	[895, 0, 3105]	[2053, 286, 1661]
9	11A	0.528	0.942	0.516	[2112, 408, 1480]	[3768, 232, 0]	[2064, 276, 1660]
9	12	0.293	0.223	0.287	[2346, 618, 5036]	[1782, 0, 6218]	[2297, 460, 5243]
9	12A	0.442	0.248	0.361	[442, 114, 444]	[248, 0, 752]	[361, 64, 575]
9	13	0.258	0.236	0.262	[1808, 498, 4694]	[1653, 0, 5347]	[1832, 462, 4706]
9	13A	0.403	0.206	0.377	[403, 118, 479]	[206, 0, 794]	[377, 57, 566]
9	14	0.261	0.24	0.245	[1824, 434, 4742]	[1679, 0, 5321]	[1716, 379, 4905]
9	14A	0.403	0.196	0.364	[403, 95, 502]	[196, 0, 804]	[364, 57, 579]
9	15	0.225	0.222	0.226	[1351, 363, 4286]	[1329, 0, 4671]	[1354, 384, 4262]
9	15A	0.357	0.219	0.342	[357, 109, 534]	[219, 0, 781]	[342, 57, 601]
9	16	0.218	0.239	0.22	[1311, 370, 4319]	[1436, 0, 4564]	[1320, 357, 4323]
9	16A	0.355	0.253	0.351	[355, 107, 538]	[253, 0, 747]	[351, 64, 585]
9	17	0.189	0.218	0.184	[947, 257, 3796]	[1090, 577, 3333]	[922, 275, 3803]
9	17A	0.381	0.242	0.36	[381, 125, 494]	[242, 108, 650]	[360, 95, 545]
9	18	0.169	0.367	0.143	[846, 213, 3941]	[1836, 595, 2569]	[717, 231, 4052]
9	18A	0.424	0.325	0.392	[424, 114, 462]	[325, 131, 544]	[392, 84, 524]
9	19	0.134	0.503	0.151	[536, 72, 3392]	[2012, 1340, 648]	[604, 52, 3344]
9	19A	0.42	0.452	0.421	[420, 149, 431]	[452, 364, 184]	[421, 130, 449]
9	20	0.074	0.829	0.073	[296, 24, 3680]	[3316, 440, 244]	[292, 32, 3676]
9	20A	0.495	0.817	0.478	[495, 108, 397]	[817, 112, 71]	[478, 98, 424]
10	2A	0.335	0.214	0.314	[1340, 508, 2152]	[856, 0, 3144]	[1256, 276, 2468]
10	3A	0.341	0.23	0.313	[1364, 476, 2160]	[920, 0, 3080]	[1252, 272, 2476]
10	4	0.273	0.205	0.219	[1092, 356, 2552]	[820, 0, 3180]	[876, 0, 3124]
10	4A	0.33	0.21	0.331	[1320, 472, 2208]	[840, 0, 3160]	[1324, 196, 2480]
10	5	0.268	0.193	0.202	[1072, 360, 2568]	[772, 0, 3228]	[808, 0, 3192]
10	5A	0.298	0.2	0.337	[1192, 432, 2376]	[800, 0, 3200]	[1348, 228, 2424]
10	6	0.26	0.208	0.202	[2080, 676, 5244]	[1668, 0, 6332]	[1616, 64, 6320]
10	6A	0.321	0.191	0.309	[1284, 468, 2248]	[764, 0, 3236]	[1236, 228, 2536]
10	7	0.244	0.222	0.213	[1956, 812, 5232]	[1776, 0, 6224]	[1708, 376, 5916]
10	7A	0.329	0.186	0.317	[1316, 476, 2208]	[744, 492, 2764]	[1268, 340, 2392]
10	8	0.3	0.212	0.259	[3604, 1144, 7252]	[2548, 0, 9452]	[3108, 660, 8232]
10	8A	0.34	0.324	0.361	[1360, 480, 2160]	[1296, 404, 2300]	[1444, 356, 2200]
10	9	0.346	0.217	0.31	[4156, 1372, 6472]	[2608, 0, 9392]	[3724, 880, 7396]
10	9A	0.391	0.42	0.362	[1564, 448, 1988]	[1680, 484, 1836]	[1448, 312, 2240]
10	10	0.399	0.207	0.385	[6388, 2648, 6964]	[3312, 0, 12688]	[6156, 2288, 7556]
10	10A	0.391	0.539	0.395	[1564, 720, 1716]	[2156, 1384, 460]	[1580, 556, 1864]
10	11	0.477	0.214	0.479	[7628, 1832, 6540]	[3432, 0, 12568]	[7668, 1400, 6932]
10	11A	0.483	0.894	0.477	[3381, 826, 2793]	[6258, 742, 0]	[3339, 595, 3066]
10	12	0.257	0.212	0.248	[5912, 1802, 15286]	[4865, 0, 18135]	[5695, 1503, 15802]
10	12A	0.363	0.237	0.298	[1452, 464, 2084]	[948, 0, 3052]	[1192, 240, 2568]
10	13	0.224	0.208	0.23	[4259, 1524, 13217]	[3949, 0, 15051]	[4367, 1306, 13327]
10	13A	0.361	0.213	0.352	[1444, 380, 2176]	[852, 0, 3148]	[1408, 256, 2336]
10	14	0.213	0.223	0.218	[4055, 1275, 13670]	[4235, 0, 14765]	[4147, 1145, 13708]
10	14A	0.362	0.211	0.294	[1448, 404, 2148]	[844, 0, 3156]	[1176, 240, 2584]
10	15	0.182	0.215	0.21	[2732, 1045, 11223]	[3220, 0, 11780]	[3153, 923, 10924]
10	15A	0.338	0.223	0.334	[1352, 396, 2252]	[892, 0, 3108]	[1336, 292, 2372]
10	16	0.176	0.222	0.188	[2636, 906, 11458]	[3326, 0, 11674]	[2814, 951, 11235]
10	16A	0.312	0.201	0.331	[1248, 380, 2372]	[804, 0, 3196]	[1324, 264, 2412]
10	17	0.158	0.214	0.164	[1736, 646, 8618]	[2350, 1370, 7280]	[1809, 547, 8644]
10	17A	0.305	0.216	0.325	[1220, 432, 2348]	[864, 504, 2632]	[1300, 300, 2400]
10	18	0.133	0.315	0.157	[1468, 512, 9020]	[3469, 1153, 6378]	[1725, 507, 8768]
10	18A	0.355	0.318	0.324	[1420, 564, 2016]	[1272, 428, 2300]	[1296, 380, 2324]
10	19	0.106	0.425	0.122	[742, 273, 5985]	[2975, 791, 3234]	[854, 224, 5922]
10	19A	0.368	0.438	0.401	[1472, 440, 2088]	[1752, 456, 1792]	[1604, 264, 2132]
10	20	0.077	0.547	0.073	[539, 56, 6405]	[3829, 2401, 770]	[511, 77, 6412]
10	20A	0.414	0.522	0.385	[1656, 632, 1712]	[2088, 1376, 536]	[1540, 648, 1812]
