dealer	player	hit	stay	double	hit	stay	double
1	2A	0.281	0.123	0.21	[281, 128, 591]	[123, 0, 877]	[210, 67, 723]
1	3A	0.277	0.133	0.216	[277, 129, 594]	[133, 0, 867]	[216, 76, 708]
1	4	0.234	0.103	0.123	[234, 117, 649]	[103, 0, 897]	[123, 0, 877]
1	4A	0.289	0.118	0.207	[289, 125, 586]	[118, 0, 882]	[207, 61, 732]
1	5	0.206	0.125	0.111	[206, 100, 694]	[125, 0, 875]	[111, 0, 889]
1	5A	0.257	0.092	0.226	[257, 102, 641]	[92, 0, 908]	[226, 71, 703]
1	6	0.203	0.105	0.117	[406, 211, 1383]	[210, 0, 1790]	[235, 23, 1742]
1	6A	0.253	0.097	0.216	[253, 123, 624]	[97, 0, 903]	[216, 64, 720]
1	7	0.205	0.106	0.119	[410, 229, 1361]	[212, 0, 1788]	[238, 103, 1659]
1	7A	0.267	0.106	0.227	[267, 127, 606]	[106, 135, 759]	[227, 100, 673]
1	8	0.224	0.111	0.18	[673, 365, 1962]	[334, 0, 2666]	[540, 190, 2270]
1	8A	0.268	0.244	0.241	[268, 138, 594]	[244, 115, 641]	[241, 80, 679]
1	9	0.277	0.12	0.229	[831, 352, 1817]	[359, 0, 2641]	[688, 226, 2086]
1	9A	0.296	0.384	0.301	[296, 126, 578]	[384, 132, 484]	[301, 87, 612]
1	10	0.311	0.111	0.297	[1246, 543, 2211]	[444, 0, 3556]	[1188, 397, 2415]
1	10A	0.34	0.51	0.295	[340, 128, 532]	[510, 111, 379]	[295, 82, 623]
1	11	0.367	0.114	0.343	[1467, 725, 1808]	[455, 0, 3545]	[1370, 613, 2017]
1	11A	0.356	0.639	0.373	[1424, 684, 1892]	[2556, 1444, 0]	[1492, 564, 1944]
1	12	0.202	0.107	0.173	[1619, 739, 5642]	[854, 0, 7146]	[1383, 519, 6098]
1	12A	0.256	0.104	0.226	[256, 141, 603]	[104, 0, 896]	[226, 68, 706]
1	13	0.168	0.116	0.172	[1177, 599, 5224]	[814, 0, 6186]	[1205, 484, 5311]
1	13A	0.292	0.11	0.207	[292, 132, 576]	[110, 0, 890]	[207, 73, 720]
1	14	0.154	0.11	0.165	[1078, 515, 5407]	[770, 0, 6230]	[1153, 475, 5372]
1	14A	0.261	0.114	0.219	[261, 139, 600]	[114, 0, 886]	[219, 71, 710]
1	15	0.161	0.112	0.156	[967, 483, 4550]	[671, 0, 5329]	[934, 420, 4646]
1	15A	0.245	0.126	0.208	[245, 132, 623]	[126, 0, 874]	[208, 76, 716]
1	16	0.15	0.122	0.153	[898, 491, 4611]	[732, 0, 5268]	[920, 439, 4641]
1	16A	0.232	0.11	0.201	[232, 129, 639]	[110, 0, 890]	[201, 75, 724]
1	17	0.118	0.108	0.123	[592, 256, 4152]	[539, 723, 3738]	[615, 284, 4101]
1	17A	0.234	0.114	0.213	[234, 112, 654]	[114, 145, 741]	[213, 110, 677]
1	18	0.127	0.255	0.12	[636, 219, 4145]	[1277, 608, 3115]	[601, 240, 4159]
1	18A	0.281	0.242	0.239	[281, 135, 584]	[242, 128, 630]	[239, 103, 658]
1	19	0.087	0.393	0.095	[348, 156, 3496]	[1572, 548, 1880]	[380, 136, 3484]
1	19A	0.303	0.415	0.264	[303, 129, 568]	[415, 123, 462]	[264, 103, 633]
1	20	0.046	0.498	0.052	[184, 108, 3708]	[1992, 564, 1444]	[208, 104, 3688]
1	20A	0.341	0.524	0.307	[341, 115, 544]	[524, 133, 343]	[307, 95, 598]
2	2A	0.471	0.335	0.456	[471, 95, 434]	[335, 0, 665]	[456, 56, 488]
2	3A	0.419	0.338	0.45	[419, 101, 480]	[338, 0, 662]	[450, 49, 501]
2	4	0.379	0.341	0.353	[379, 72, 549]	[341, 0, 659]	[353, 0, 647]
2	4A	0.435	0.365	0.457	[435, 81, 484]	[365, 0, 635]	[457, 43, 500]
2	5	0.361	0.373	0.343	[361, 71, 568]	[373, 0, 627]	[343, 0, 657]
2	5A	0.404	0.351	0.462	[404, 87, 509]	[351, 0, 649]	[462, 45, 493]
2	6	0.346	0.348	0.342	[693, 160, 1147]	[696, 0, 1304]	[684, 22, 1294]
2	6A	0.384	0.343	0.468	[384, 77, 539]	[343, 0, 657]	[468, 57, 475]
2	7	0.386	0.359	0.343	[772, 189, 1039]	[718, 0, 1282]	[686, 101, 1213]
2	7A	0.422	0.378	0.449	[422, 100, 478]	[378, 141, 481]	[449, 73, 478]
2	8	0.397	0.328	0.419	[1192, 269, 1539]	[983, 0, 2017]	[1258, 185, 1557]
2	8A	0.472	0.486	0.494	[472, 90, 438]	[486, 139, 375]	[494, 84, 422]
2	9	0.462	0.354	0.474	[1386, 304, 1310]	[1061, 0, 1939]	[1423, 210, 1367]
2	9A	0.487	0.641	0.519	[487, 104, 409]	[641, 133, 226]	[519, 88, 393]
2	10	0.517	0.357	0.539	[2067, 423, 1510]	[1429, 0, 2571]	[2157, 316, 1527]
2	10A	0.485	0.759	0.563	[485, 92, 423]	[759, 120, 121]	[563, 75, 362]
2	11	0.547	0.352	0.585	[2187, 403, 1410]	[1407, 0, 2593]	[2339, 270, 1391]
2	11A	0.554	0.885	0.597	[2216, 416, 1368]	[3540, 460, 0]	[2388, 292, 1320]
2	12	0.311	0.342	0.351	[2490, 534, 4976]	[2735, 0, 5265]	[2810, 383, 4807]
2	12A	0.462	0.358	0.447	[462, 107, 431]	[358, 0, 642]	[447, 41, 512]
2	13	0.32	0.335	0.327	[2242, 471, 4287]	[2347, 0, 4653]	[2291, 325, 4384]
2	13A	0.407	0.341	0.459	[407, 119, 474]	[341, 0, 659]	[459, 45, 496]
2	14	0.284	0.348	0.283	[1985, 374, 4641]	[2434, 0, 4566]	[1984, 360, 4656]
2	14A	0.426	0.344	0.472	[426, 86, 488]	[344, 0, 656]	[472, 53, 475]
2	15	0.248	0.35	0.274	[1490, 311, 4199]	[2102, 0, 3898]	[1642, 253, 4105]
2	15A	0.43	0.345	0.45	[430, 72, 498]	[345, 0, 655]	[450, 48, 502]
2	16	0.244	0.351	0.238	[1463, 303, 4234]	[2104, 0, 3896]	[1431, 317, 4252]
2	16A	0.385	0.36	0.458	[385, 82, 533]	[360, 0, 640]	[458, 53, 489]
2	17	0.219	0.357	0.213	[1094, 225, 3681]	[1786, 725, 2489]	[1063, 173, 3764]
2	17A	0.434	0.363	0.433	[434, 95, 471]	[363, 137, 500]	[433, 74, 493]
2	18	0.174	0.499	0.179	[871, 142, 3987]	[2495, 693, 1812]	[895, 176, 3929]
2	18A	0.489	0.502	0.5	[489, 81, 430]	[502, 128, 370]	[500, 85, 415]
2	19	0.114	0.636	0.123	[456, 72, 3472]	[2544, 488, 968]	[492, 56, 3452]
2	19A	0.485	0.611	0.534	[485, 97, 418]	[611, 135, 254]	[534, 71, 395]
2	20	0.064	0.753	0.077	[256, 48, 3696]	[3012, 508, 480]	[308, 40, 3652]
2	20A	0.515	0.751	0.555	[515, 90, 395]	[751, 127, 122]	[555, 74, 371]
3	2A	0.469	0.377	0.501	[469, 105, 426]	[377, 0, 623]	[501, 41, 458]
3	3A	0.491	0.37	0.46	[491, 86, 423]	[370, 0, 630]	[460, 49, 491]
3	4	0.392	0.378	0.333	[392, 54, 554]	[378, 0, 622]	[333, 0, 667]
3	4A	0.453	0.384	0.491	[453, 78, 469]	[384, 0, 616]	[491, 44, 465]
3	5	0.378	0.384	0.369	[378, 59, 563]	[384, 0, 616]	[369, 0, 631]
3	5A	0.429	0.398	0.476	[429, 84, 487]	[398, 0, 602]	[476, 47, 477]
3	6	0.352	0.366	0.389	[704, 150, 1146]	[733, 0, 1267]	[777, 12, 1211]
3	6A	0.406	0.388	0.494	[406, 79, 515]	[388, 0, 612]	[494, 52, 454]
3	7	0.36	0.353	0.369	[720, 201, 1079]	[707, 0, 1293]	[739, 104, 1157]
3	7A	0.438	0.362	0.467	[438, 84, 478]	[362, 138, 500]	[467, 88, 445]
3	8	0.43	0.381	0.419	[1291, 295, 1414]	[1144, 0, 1856]	[1257, 171, 1572]
3	8A	0.475	0.534	0.494	[475, 88, 437]	[534, 119, 347]	[494, 88, 418]
3	9	0.471	0.372	0.499	[1413, 301, 1286]	[1115, 0, 1885]	[1498, 215, 1287]
3	9A	0.504	0.636	0.537	[504, 99, 397]	[636, 135, 229]	[537, 83, 380]
3	10	0.542	0.39	0.576	[2168, 358, 1474]	[1561, 0, 2439]	[2303, 304, 1393]
3	10A	0.513	0.763	0.558	[513, 113, 374]	[763, 116, 121]	[558, 72, 370]
3	11	0.559	0.384	0.598	[2236, 400, 1364]	[1534, 0, 2466]	[2391, 351, 1258]
3	11A	0.548	0.897	0.576	[2192, 384, 1424]	[3588, 412, 0]	[2304, 380, 1316]
3	12	0.331	0.379	0.352	[2647, 498, 4855]	[3034, 0, 4966]	[2819, 371, 4810]
3	12A	0.483	0.374	0.448	[483, 102, 415]	[374, 0, 626]	[448, 50, 502]
3	13	0.291	0.375	0.336	[2040, 446, 4514]	[2622, 0, 4378]	[2354, 282, 4364]
3	13A	0.465	0.391	0.476	[465, 103, 432]	[391, 0, 609]	[476, 50, 474]
3	14	0.28	0.386	0.299	[1961, 437, 4602]	[2704, 0, 4296]	[2092, 352, 4556]
3	14A	0.447	0.37	0.463	[447, 82, 471]	[370, 0, 630]	[463, 53, 484]
3	15	0.268	0.355	0.274	[1605, 307, 4088]	[2131, 0, 3869]	[1646, 241, 4113]
3	15A	0.445	0.36	0.492	[445, 99, 456]	[360, 0, 640]	[492, 49, 459]
3	16	0.251	0.369	0.248	[1507, 302, 4191]	[2216, 0, 3784]	[1489, 322, 4189]
3	16A	0.426	0.397	0.472	[426, 80, 494]	[397, 0, 603]	[472, 48, 480]
3	17	0.206	0.388	0.217	[1032, 226, 3742]	[1940, 619, 2441]	[1084, 152, 3764]
3	17A	0.45	0.374	0.492	[450, 103, 447]	[374, 140, 486]	[492, 75, 433]
3	18	0.175	0.536	0.167	[875, 145, 3980]	[2679, 591, 1730]	[833, 168, 3999]
3	18A	0.471	0.521	0.472	[471, 106, 423]	[521, 117, 362]	[472, 92, 436]
3	19	0.125	0.608	0.12	[500, 92, 3408]	[2432, 544, 1024]	[480, 64, 3456]
3	19A	0.509	0.626	0.539	[509, 99, 392]	[626, 142, 232]	[539, 70, 391]
3	20	0.052	0.772	0.076	[208, 40, 3752]	[3088, 484, 428]	[304, 48, 3648]
3	20A	0.536	0.785	0.549	[536, 96, 368]	[785, 105, 110]	[549, 81, 370]
4	2A	0.5	0.387	0.496	[500, 100, 400]	[387, 0, 613]	[496, 56, 448]
4	3A	0.495	0.428	0.487	[495, 88, 417]	[428, 0, 572]	[487, 43, 470]
4	4	0.398	0.382	0.397	[398, 68, 534]	[382, 0, 618]	[397, 0, 603]
4	4A	0.46	0.409	0.511	[460, 82, 458]	[409, 0, 591]	[511, 36, 453]
4	5	0.393	0.397	0.404	[393, 71, 536]	[397, 0, 603]	[404, 0, 596]
4	5A	0.407	0.41	0.513	[407, 72, 521]	[410, 0, 590]	[513, 46, 441]
4	6	0.341	0.404	0.386	[682, 161, 1157]	[808, 0, 1192]	[772, 27, 1201]
4	6A	0.412	0.382	0.462	[412, 89, 499]	[382, 0, 618]	[462, 44, 494]
4	7	0.388	0.395	0.4	[775, 179, 1046]	[790, 0, 1210]	[800, 105, 1095]
4	7A	0.457	0.397	0.483	[457, 88, 455]	[397, 131, 472]	[483, 81, 436]
4	8	0.434	0.38	0.456	[1302, 283, 1415]	[1141, 0, 1859]	[1369, 175, 1456]
4	8A	0.434	0.509	0.515	[434, 101, 465]	[509, 132, 359]	[515, 81, 404]
4	9	0.491	0.396	0.514	[1473, 301, 1226]	[1188, 0, 1812]	[1542, 213, 1245]
4	9A	0.516	0.65	0.559	[516, 77, 407]	[650, 115, 235]	[559, 68, 373]
4	10	0.536	0.384	0.582	[2146, 387, 1467]	[1534, 0, 2466]	[2328, 282, 1390]
4	10A	0.537	0.765	0.575	[537, 97, 366]	[765, 126, 109]	[575, 69, 356]
4	11	0.572	0.398	0.603	[2288, 364, 1348]	[1593, 0, 2407]	[2410, 321, 1269]
4	11A	0.571	0.878	0.629	[2284, 356, 1360]	[3512, 488, 0]	[2516, 296, 1188]
4	12	0.321	0.395	0.366	[2565, 533, 4902]	[3159, 0, 4841]	[2930, 351, 4719]
4	12A	0.45	0.408	0.508	[450, 99, 451]	[408, 0, 592]	[508, 44, 448]
4	13	0.303	0.402	0.328	[2119, 361, 4520]	[2816, 0, 4184]	[2295, 298, 4407]
4	13A	0.48	0.381	0.467	[480, 71, 449]	[381, 0, 619]	[467, 41, 492]
4	14	0.292	0.386	0.309	[2045, 414, 4541]	[2705, 0, 4295]	[2166, 371, 4463]
4	14A	0.455	0.393	0.503	[455, 76, 469]	[393, 0, 607]	[503, 38, 459]
4	15	0.262	0.401	0.27	[1570, 330, 4100]	[2405, 0, 3595]	[1617, 292, 4091]
4	15A	0.425	0.397	0.489	[425, 75, 500]	[397, 0, 603]	[489, 52, 459]
4	16	0.265	0.381	0.249	[1591, 253, 4156]	[2288, 0, 3712]	[1494, 276, 4230]
4	16A	0.427	0.364	0.471	[427, 73, 500]	[364, 0, 636]	[471, 56, 473]
4	17	0.207	0.378	0.235	[1035, 171, 3794]	[1892, 631, 2477]	[1174, 195, 3631]
4	17A	0.461	0.401	0.474	[461, 89, 450]	[401, 134, 465]	[474, 81, 445]
4	18	0.185	0.525	0.179	[927, 130, 3943]	[2627, 651, 1722]	[897, 134, 3969]
4	18A	0.507	0.533	0.548	[507, 89, 404]	[533, 119, 348]	[548, 73, 379]
4	19	0.14	0.646	0.125	[560, 60, 3380]	[2584, 516, 900]	[500, 88, 3412]
4	19A	0.496	0.634	0.52	[496, 90, 414]	[634, 133, 233]	[520, 77, 403]
4	20	0.063	0.763	0.071	[252, 24, 3724]	[3052, 516, 432]	[284, 28, 3688]
4	20A	0.535	0.746	0.59	[535, 102, 363]	[746, 141, 113]	[590, 71, 339]
5	2A	0.512	0.411	0.534	[512, 75, 413]	[411, 0, 589]	[534, 38, 428]
5	3A	0.492	0.426	0.541	[492, 80, 428]	[426, 0, 574]	[541, 30, 429]
5	4	0.418	0.424	0.402	[418, 71, 511]	[424, 0, 576]	[402, 0, 598]
5	4A	0.471	0.404	0.507	[471, 90, 439]	[404, 0, 596]	[507, 51, 442]
5	5	0.378	0.414	0.432	[378, 74, 548]	[414, 0, 586]	[432, 0, 568]
5	5A	0.46	0.41	0.482	[460, 85, 455]	[410, 0, 590]	[482, 57, 461]
5	6	0.375	0.434	0.41	[750, 121, 1129]	[869, 0, 1131]	[820, 16, 1164]
5	6A	0.439	0.414	0.514	[439, 72, 489]	[414, 0, 586]	[514, 43, 443]
5	7	0.407	0.427	0.441	[814, 169, 1017]	[854, 0, 1146]	[882, 88, 1030]
5	7A	0.461	0.431	0.495	[461, 93, 446]	[431, 108, 461]	[495, 86, 419]
5	8	0.457	0.418	0.476	[1371, 268, 1361]	[1254, 0, 1746]	[1428, 141, 1431]
5	8A	0.469	0.571	0.543	[469, 89, 442]	[571, 111, 318]	[543, 68, 389]
5	9	0.493	0.423	0.52	[1478, 305, 1217]	[1268, 0, 1732]	[1561, 188, 1251]
5	9A	0.528	0.682	0.538	[528, 87, 385]	[682, 117, 201]	[538, 69, 393]
5	10	0.539	0.421	0.583	[2155, 351, 1494]	[1684, 0, 2316]	[2331, 295, 1374]
5	10A	0.562	0.791	0.585	[562, 96, 342]	[791, 107, 102]	[585, 74, 341]
5	11	0.58	0.414	0.615	[2318, 359, 1323]	[1655, 0, 2345]	[2461, 305, 1234]
5	11A	0.601	0.908	0.605	[2404, 284, 1312]	[3632, 368, 0]	[2420, 292, 1288]
5	12	0.339	0.405	0.378	[2710, 436, 4854]	[3243, 0, 4757]	[3025, 397, 4578]
5	12A	0.485	0.434	0.503	[485, 106, 409]	[434, 0, 566]	[503, 40, 457]
5	13	0.324	0.411	0.359	[2270, 353, 4377]	[2880, 0, 4120]	[2512, 302, 4186]
5	13A	0.444	0.386	0.507	[444, 89, 467]	[386, 0, 614]	[507, 41, 452]
5	14	0.314	0.391	0.317	[2196, 374, 4430]	[2739, 0, 4261]	[2221, 334, 4445]
5	14A	0.439	0.437	0.513	[439, 106, 455]	[437, 0, 563]	[513, 36, 451]
5	15	0.273	0.411	0.297	[1636, 298, 4066]	[2469, 0, 3531]	[1782, 309, 3909]
5	15A	0.431	0.39	0.504	[431, 75, 494]	[390, 0, 610]	[504, 55, 441]
5	16	0.258	0.409	0.235	[1548, 269, 4183]	[2452, 0, 3548]	[1411, 311, 4278]
5	16A	0.434	0.414	0.494	[434, 65, 501]	[414, 0, 586]	[494, 34, 472]
5	17	0.229	0.408	0.218	[1146, 171, 3683]	[2039, 669, 2292]	[1089, 164, 3747]
5	17A	0.472	0.422	0.514	[472, 86, 442]	[422, 116, 462]	[514, 68, 418]
5	18	0.175	0.548	0.178	[873, 114, 4013]	[2741, 577, 1682]	[892, 75, 4033]
5	18A	0.497	0.527	0.509	[497, 105, 398]	[527, 117, 356]	[509, 72, 419]
5	19	0.139	0.665	0.128	[556, 64, 3380]	[2660, 456, 884]	[512, 56, 3432]
5	19A	0.543	0.66	0.598	[543, 97, 360]	[660, 112, 228]	[598, 74, 328]
5	20	0.076	0.778	0.079	[304, 28, 3668]	[3112, 388, 500]	[316, 24, 3660]
5	20A	0.566	0.767	0.597	[566, 77, 357]	[767, 141, 92]	[597, 67, 336]
6	2A	0.515	0.405	0.495	[515, 87, 398]	[405, 0, 595]	[495, 42, 463]
6	3A	0.479	0.44	0.522	[479, 69, 452]	[440, 0, 560]	[522, 50, 428]
6	4	0.425	0.411	0.445	[425, 59, 516]	[411, 0, 589]	[445, 0, 555]
6	4A	0.503	0.418	0.544	[503, 73, 424]	[418, 0, 582]	[544, 41, 415]
6	5	0.407	0.44	0.42	[407, 63, 530]	[440, 0, 560]	[420, 0, 580]
6	5A	0.482	0.407	0.499	[482, 72, 446]	[407, 0, 593]	[499, 49, 452]
6	6	0.377	0.402	0.415	[753, 142, 1105]	[803, 0, 1197]	[831, 24, 1145]
6	6A	0.455	0.432	0.504	[455, 57, 488]	[432, 0, 568]	[504, 47, 449]
6	7	0.418	0.416	0.422	[836, 183, 981]	[832, 0, 1168]	[844, 116, 1040]
6	7A	0.461	0.428	0.502	[461, 115, 424]	[428, 165, 407]	[502, 91, 407]
6	8	0.476	0.408	0.503	[1428, 263, 1309]	[1224, 0, 1776]	[1508, 177, 1315]
6	8A	0.531	0.6	0.557	[531, 77, 392]	[600, 89, 311]	[557, 65, 378]
6	9	0.513	0.431	0.547	[1539, 292, 1169]	[1294, 0, 1706]	[1641, 154, 1205]
6	9A	0.555	0.695	0.609	[555, 95, 350]	[695, 125, 180]	[609, 80, 311]
6	10	0.572	0.422	0.608	[2287, 340, 1373]	[1688, 0, 2312]	[2430, 288, 1282]
6	10A	0.573	0.803	0.611	[573, 88, 339]	[803, 105, 92]	[611, 68, 321]
6	11	0.587	0.434	0.637	[2346, 365, 1289]	[1736, 0, 2264]	[2548, 256, 1196]
6	11A	0.609	0.91	0.64	[2436, 268, 1296]	[3640, 360, 0]	[2560, 232, 1208]
6	12	0.357	0.395	0.386	[2860, 467, 4673]	[3160, 0, 4840]	[3091, 339, 4570]
6	12A	0.513	0.424	0.506	[513, 91, 396]	[424, 0, 576]	[506, 43, 451]
6	13	0.323	0.412	0.346	[2261, 423, 4316]	[2884, 0, 4116]	[2423, 292, 4285]
6	13A	0.49	0.439	0.525	[490, 79, 431]	[439, 0, 561]	[525, 45, 430]
6	14	0.301	0.429	0.33	[2110, 417, 4473]	[3005, 0, 3995]	[2312, 310, 4378]
6	14A	0.486	0.43	0.538	[486, 77, 437]	[430, 0, 570]	[538, 39, 423]
6	15	0.292	0.419	0.294	[1752, 345, 3903]	[2516, 0, 3484]	[1766, 277, 3957]
6	15A	0.445	0.428	0.529	[445, 85, 470]	[428, 0, 572]	[529, 51, 420]
6	16	0.25	0.411	0.261	[1502, 247, 4251]	[2469, 0, 3531]	[1564, 246, 4190]
6	16A	0.446	0.402	0.54	[446, 80, 474]	[402, 0, 598]	[540, 32, 428]
6	17	0.238	0.415	0.244	[1188, 142, 3670]	[2075, 793, 2132]	[1220, 116, 3664]
6	17A	0.461	0.417	0.552	[461, 118, 421]	[417, 152, 431]	[552, 80, 368]
6	18	0.173	0.6	0.178	[865, 139, 3996]	[3000, 448, 1552]	[892, 148, 3960]
6	18A	0.513	0.584	0.57	[513, 80, 407]	[584, 99, 317]	[570, 71, 359]
6	19	0.124	0.695	0.122	[496, 56, 3448]	[2780, 420, 800]	[488, 68, 3444]
6	19A	0.534	0.705	0.582	[534, 81, 385]	[705, 92, 203]	[582, 64, 354]
6	20	0.066	0.781	0.078	[264, 20, 3716]	[3124, 444, 432]	[312, 20, 3668]
6	20A	0.555	0.824	0.598	[555, 104, 341]	[824, 89, 87]	[598, 57, 345]
7	2A	0.502	0.265	0.416	[502, 111, 387]	[265, 0, 735]	[416, 42, 542]
7	3A	0.5	0.239	0.464	[500, 98, 402]	[239, 0, 761]	[464, 41, 495]
7	4	0.423	0.251	0.275	[423, 66, 511]	[251, 0, 749]	[275, 0, 725]
7	4A	0.48	0.277	0.453	[480, 102, 418]	[277, 0, 723]	[453, 51, 496]
7	5	0.401	0.243	0.256	[401, 77, 522]	[243, 0, 757]	[256, 0, 744]
7	5A	0.485	0.248	0.396	[485, 99, 416]	[248, 0, 752]	[396, 90, 514]
7	6	0.371	0.276	0.263	[742, 208, 1050]	[551, 0, 1449]	[525, 46, 1429]
7	6A	0.458	0.267	0.446	[458, 102, 440]	[267, 0, 733]	[446, 56, 498]
7	7	0.401	0.256	0.303	[801, 327, 872]	[512, 0, 1488]	[607, 244, 1149]
7	7A	0.426	0.277	0.407	[426, 184, 390]	[277, 362, 361]	[407, 143, 450]
7	8	0.472	0.261	0.418	[1417, 379, 1204]	[784, 0, 2216]	[1253, 211, 1536]
7	8A	0.532	0.624	0.496	[532, 100, 368]	[624, 134, 242]	[496, 86, 418]
7	9	0.531	0.268	0.489	[1593, 333, 1074]	[805, 0, 2195]	[1466, 202, 1332]
7	9A	0.569	0.771	0.526	[569, 104, 327]	[771, 77, 152]	[526, 73, 401]
7	10	0.575	0.28	0.56	[2301, 394, 1305]	[1118, 0, 2882]	[2240, 311, 1449]
7	10A	0.578	0.848	0.581	[578, 86, 336]	[848, 78, 74]	[581, 77, 342]
7	11	0.598	0.259	0.587	[2393, 381, 1226]	[1037, 0, 2963]	[2349, 248, 1403]
7	11A	0.605	0.935	0.584	[2420, 384, 1196]	[3740, 260, 0]	[2336, 292, 1372]
7	12	0.354	0.257	0.35	[2830, 618, 4552]	[2058, 0, 5942]	[2799, 444, 4757]
7	12A	0.476	0.286	0.434	[476, 124, 400]	[286, 0, 714]	[434, 59, 507]
7	13	0.326	0.271	0.331	[2285, 469, 4246]	[1895, 0, 5105]	[2319, 422, 4259]
7	13A	0.515	0.263	0.45	[515, 100, 385]	[263, 0, 737]	[450, 40, 510]
7	14	0.313	0.265	0.315	[2191, 466, 4343]	[1856, 0, 5144]	[2203, 343, 4454]
7	14A	0.483	0.261	0.412	[483, 95, 422]	[261, 0, 739]	[412, 64, 524]
7	15	0.286	0.259	0.289	[1714, 368, 3918]	[1554, 0, 4446]	[1737, 351, 3912]
7	15A	0.464	0.266	0.436	[464, 105, 431]	[266, 0, 734]	[436, 71, 493]
7	16	0.239	0.281	0.271	[1432, 370, 4198]	[1684, 0, 4316]	[1628, 362, 4010]
7	16A	0.438	0.233	0.414	[438, 103, 459]	[233, 0, 767]	[414, 46, 540]
7	17	0.255	0.256	0.252	[1273, 116, 3611]	[1282, 1798, 1920]	[1258, 168, 3574]
7	17A	0.425	0.256	0.427	[425, 179, 396]	[256, 364, 380]	[427, 152, 421]
7	18	0.202	0.625	0.181	[1009, 79, 3912]	[3127, 651, 1222]	[903, 112, 3985]
7	18A	0.533	0.644	0.517	[533, 135, 332]	[644, 146, 210]	[517, 86, 397]
7	19	0.123	0.779	0.127	[492, 32, 3476]	[3116, 300, 584]	[508, 48, 3444]
7	19A	0.574	0.759	0.55	[574, 91, 335]	[759, 74, 167]	[550, 70, 380]
7	20	0.068	0.873	0.06	[272, 36, 3692]	[3492, 276, 232]	[240, 12, 3748]
7	20A	0.586	0.848	0.567	[586, 89, 325]	[848, 67, 85]	[567, 60, 373]
8	2A	0.476	0.247	0.397	[476, 127, 397]	[247, 0, 753]	[397, 68, 535]
8	3A	0.472	0.265	0.409	[472, 103, 425]	[265, 0, 735]	[409, 59, 532]
8	4	0.376	0.25	0.262	[376, 89, 535]	[250, 0, 750]	[262, 0, 738]
8	4A	0.461	0.276	0.358	[461, 95, 444]	[276, 0, 724]	[358, 75, 567]
8	5	0.353	0.233	0.255	[353, 93, 554]	[233, 0, 767]	[255, 0, 745]
8	5A	0.413	0.257	0.36	[413, 108, 479]	[257, 0, 743]	[360, 57, 583]
8	6	0.35	0.255	0.248	[700, 204, 1096]	[509, 0, 1491]	[496, 10, 1494]
8	6A	0.405	0.25	0.395	[405, 90, 505]	[250, 0, 750]	[395, 57, 548]
8	7	0.338	0.249	0.264	[675, 249, 1076]	[498, 0, 1502]	[528, 129, 1343]
8	7A	0.392	0.26	0.396	[392, 105, 503]	[260, 126, 614]	[396, 93, 511]
8	8	0.375	0.235	0.332	[1125, 516, 1359]	[705, 0, 2295]	[997, 397, 1606]
8	8A	0.44	0.402	0.412	[440, 157, 403]	[402, 350, 248]	[412, 140, 448]
8	9	0.491	0.24	0.443	[1474, 357, 1169]	[719, 0, 2281]	[1329, 250, 1421]
8	9A	0.497	0.74	0.484	[497, 116, 387]	[740, 124, 136]	[484, 94, 422]
8	10	0.536	0.239	0.535	[2143, 426, 1431]	[955, 0, 3045]	[2140, 291, 1569]
8	10A	0.546	0.852	0.532	[546, 107, 347]	[852, 83, 65]	[532, 84, 384]
8	11	0.563	0.235	0.547	[2252, 390, 1358]	[939, 0, 3061]	[2189, 303, 1508]
8	11A	0.568	0.93	0.544	[2272, 428, 1300]	[3720, 280, 0]	[2176, 308, 1516]
8	12	0.345	0.239	0.324	[2761, 542, 4697]	[1911, 0, 6089]	[2588, 422, 4990]
8	12A	0.499	0.239	0.397	[499, 111, 390]	[239, 0, 761]	[397, 72, 531]
8	13	0.302	0.256	0.287	[2111, 480, 4409]	[1791, 0, 5209]	[2012, 391, 4597]
8	13A	0.436	0.238	0.424	[436, 99, 465]	[238, 0, 762]	[424, 43, 533]
8	14	0.29	0.235	0.289	[2027, 422, 4551]	[1645, 0, 5355]	[2026, 381, 4593]
8	14A	0.465	0.252	0.377	[465, 106, 429]	[252, 0, 748]	[377, 59, 564]
8	15	0.255	0.238	0.253	[1527, 392, 4081]	[1430, 0, 4570]	[1516, 324, 4160]
8	15A	0.417	0.25	0.418	[417, 103, 480]	[250, 0, 750]	[418, 55, 527]
8	16	0.261	0.242	0.234	[1564, 379, 4057]	[1455, 0, 4545]	[1403, 331, 4266]
8	16A	0.404	0.23	0.401	[404, 125, 471]	[230, 0, 770]	[401, 55, 544]
8	17	0.223	0.25	0.224	[1115, 251, 3634]	[1249, 686, 3065]	[1119, 210, 3671]
8	17A	0.427	0.24	0.385	[427, 106, 467]	[240, 124, 636]	[385, 101, 514]
8	18	0.199	0.361	0.184	[997, 115, 3888]	[1806, 1958, 1236]	[919, 104, 3977]
8	18A	0.419	0.355	0.423	[419, 174, 407]	[355, 367, 278]	[423, 134, 443]
8	19	0.117	0.718	0.141	[468, 72, 3460]	[2872, 528, 600]	[564, 32, 3404]
8	19A	0.516	0.734	0.519	[516, 112, 372]	[734, 122, 144]	[519, 88, 393]
8	20	0.072	0.869	0.066	[288, 16, 3696]	[3476, 244, 280]	[264, 44, 3692]
8	20A	0.522	0.853	0.521	[522, 105, 373]	[853, 85, 62]	[521, 93, 386]
9	2A	0.434	0.232	0.372	[434, 114, 452]	[232, 0, 768]	[372, 66, 562]
9	3A	0.402	0.234	0.334	[402, 110, 488]	[234, 0, 766]	[334, 60, 606]
9	4	0.306	0.246	0.233	[306, 109, 585]	[246, 0, 754]	[233, 0, 767]
9	4A	0.399	0.237	0.369	[399, 103, 498]	[237, 0, 763]	[369, 69, 562]
9	5	0.315	0.235	0.21	[315, 84, 601]	[235, 0, 765]	[210, 0, 790]
9	5A	0.365	0.223	0.357	[365, 115, 520]	[223, 0, 777]	[357, 61, 582]
9	6	0.298	0.235	0.211	[597, 162, 1241]	[471, 0, 1529]	[422, 19, 1559]
9	6A	0.349	0.226	0.353	[349, 95, 556]	[226, 0, 774]	[353, 65, 582]
9	7	0.293	0.229	0.249	[587, 196, 1217]	[457, 0, 1543]	[498, 92, 1410]
9	7A	0.331	0.222	0.36	[331, 120, 549]	[222, 127, 651]	[360, 80, 560]
9	8	0.347	0.223	0.275	[1042, 317, 1641]	[668, 0, 2332]	[824, 208, 1968]
9	8A	0.417	0.374	0.386	[417, 112, 471]	[374, 109, 517]	[386, 89, 525]
9	9	0.398	0.222	0.347	[1193, 467, 1340]	[666, 0, 2334]	[1040, 437, 1523]
9	9A	0.41	0.485	0.408	[410, 167, 423]	[485, 349, 166]	[408, 136, 456]
9	10	0.498	0.227	0.503	[1992, 429, 1579]	[906, 0, 3094]	[2013, 333, 1654]
9	10A	0.515	0.833	0.515	[515, 107, 378]	[833, 116, 51]	[515, 87, 398]
9	11	0.542	0.238	0.523	[2168, 388, 1444]	[951, 0, 3049]	[2092, 297, 1611]
9	11A	0.527	0.938	0.508	[2108, 380, 1512]	[3752, 248, 0]	[2032, 292, 1676]
9	12	0.28	0.23	0.292	[2240, 643, 5117]	[1843, 0, 6157]	[2333, 478, 5189]
9	12A	0.408	0.235	0.36	[408, 121, 471]	[235, 0, 765]	[360, 59, 581]
9	13	0.278	0.22	0.269	[1946, 480, 4574]	[1543, 0, 5457]	[1884, 374, 4742]
9	13A	0.442	0.245	0.334	[442, 114, 444]	[245, 0, 755]	[334, 56, 610]
9	14	0.264	0.21	0.25	[1845, 460, 4695]	[1472, 0, 5528]	[1748, 415, 4837]
9	14A	0.424	0.233	0.362	[424, 101, 475]	[233, 0, 767]	[362, 65, 573]
9	15	0.229	0.236	0.233	[1373, 346, 4281]	[1419, 0, 4581]	[1396, 314, 4290]
9	15A	0.376	0.232	0.365	[376, 101, 523]	[232, 0, 768]	[365, 61, 574]
9	16	0.204	0.238	0.214	[1223, 363, 4414]	[1429, 0, 4571]	[1286, 314, 4400]
9	16A	0.344	0.234	0.368	[344, 109, 547]	[234, 0, 766]	[368, 59, 573]
9	17	0.201	0.256	0.207	[1007, 249, 3744]	[1280, 594, 3126]	[1035, 226, 3739]
9	17A	0.355	0.243	0.342	[355, 112, 533]	[243, 124, 633]	[342, 86, 572]
9	18	0.15	0.344	0.182	[748, 250, 4002]	[1719, 635, 2646]	[911, 178, 3911]
9	18A	0.377	0.344	0.392	[377, 118, 505]	[344, 120, 536]	[392, 103, 505]
9	19	0.139	0.494	0.14	[556, 32, 3412]	[1976, 1332, 692]	[560, 48, 3392]
9	19A	0.434	0.501	0.422	[434, 150, 416]	[501, 331, 168]	[422, 143, 435]
9	20	0.062	0.82	0.076	[248, 12, 3740]	[3280, 480, 240]	[304, 32, 3664]
9	20A	0.488	0.812	0.479	[488, 100, 412]	[812, 113, 75]	[479, 99, 422]
10	2A	0.331	0.219	0.3	[1324, 488, 2188]	[876, 0, 3124]	[1200, 244, 2556]
10	3A	0.357	0.219	0.325	[1428, 448, 2124]	[876, 0, 3124]	[1300, 296, 2404]
10	4	0.287	0.199	0.23	[1148, 384, 2468]	[796, 0, 3204]	[920, 0, 3080]
10	4A	0.328	0.208	0.293	[1312, 480, 2208]	[832, 0, 3168]	[1172, 280, 2548]
10	5	0.272	0.194	0.208	[1088, 384, 2528]	[776, 0, 3224]	[832, 0, 3168]
10	5A	0.325	0.203	0.337	[1300, 428, 2272]	[812, 0, 3188]	[1348, 264, 2388]
10	6	0.274	0.21	0.209	[2192, 744, 5064]	[1680, 0, 6320]	[1672, 80, 6248]
10	6A	0.312	0.209	0.337	[1248, 432, 2320]	[836, 0, 3164]	[1348, 188, 2464]
10	7	0.264	0.208	0.226	[2108, 860, 5032]	[1664, 0, 6336]	[1808, 392, 5800]
10	7A	0.315	0.212	0.307	[1260, 468, 2272]	[848, 384, 2768]	[1228, 376, 2396]
10	8	0.295	0.204	0.253	[3544, 1192, 7264]	[2448, 0, 9552]	[3032, 596, 8372]
10	8A	0.352	0.309	0.332	[1408, 432, 2160]	[1236, 396, 2368]	[1328, 332, 2340]
10	9	0.329	0.212	0.314	[3952, 1296, 6752]	[2540, 0, 9460]	[3772, 944, 7284]
10	9A	0.38	0.432	0.359	[1520, 388, 2092]	[1728, 484, 1788]	[1436, 360, 2204]
10	10	0.379	0.216	0.398	[6068, 2892, 7040]	[3452, 0, 12548]	[6368, 2148, 7484]
10	10A	0.391	0.536	0.383	[1564, 676, 1760]	[2144, 1352, 504]	[1532, 612, 1856]
10	11	0.464	0.194	0.473	[7424, 1904, 6672]	[3104, 0, 12896]	[7572, 1356, 7072]
10	11A	0.47	0.889	0.499	[3290, 686, 3024]	[6223, 777, 0]	[3493, 637, 2870]
10	12	0.253	0.209	0.261	[5823, 2017, 15160]	[4805, 0, 18195]	[5993, 1341, 15666]
10	12A	0.35	0.215	0.316	[1400, 504, 2096]	[860, 0, 3140]	[1264, 288, 2448]
10	13	0.223	0.225	0.241	[4239, 1529, 13232]	[4267, 0, 14733]	[4587, 1134, 13279]
10	13A	0.352	0.217	0.268	[1408, 468, 2124]	[868, 0, 3132]	[1072, 256, 2672]
10	14	0.211	0.21	0.218	[4003, 1324, 13673]	[3996, 0, 15004]	[4149, 1201, 13650]
10	14A	0.355	0.22	0.31	[1420, 440, 2140]	[880, 0, 3120]	[1240, 224, 2536]
10	15	0.202	0.203	0.218	[3034, 950, 11016]	[3043, 0, 11957]	[3263, 786, 10951]
10	15A	0.342	0.201	0.291	[1368, 424, 2208]	[804, 0, 3196]	[1164, 304, 2532]
10	16	0.2	0.215	0.178	[3004, 912, 11084]	[3218, 0, 11782]	[2668, 920, 11412]
10	16A	0.326	0.214	0.315	[1304, 400, 2296]	[856, 0, 3144]	[1260, 260, 2480]
10	17	0.17	0.208	0.166	[1870, 583, 8547]	[2292, 1287, 7421]	[1821, 578, 8601]
10	17A	0.317	0.212	0.33	[1268, 388, 2344]	[848, 468, 2684]	[1320, 344, 2336]
10	18	0.165	0.31	0.136	[1817, 427, 8756]	[3408, 1210, 6382]	[1497, 528, 8975]
10	18A	0.305	0.334	0.362	[1220, 448, 2332]	[1336, 392, 2272]	[1448, 332, 2220]
10	19	0.12	0.441	0.106	[840, 203, 5957]	[3087, 882, 3031]	[742, 252, 6006]
10	19A	0.38	0.438	0.34	[1520, 412, 2068]	[1752, 440, 1808]	[1360, 368, 2272]
10	20	0.074	0.563	0.051	[518, 49, 6433]	[3941, 2345, 714]	[357, 63, 6580]
10	20A	0.397	0.569	0.396	[1588, 684, 1728]	[2276, 1324, 400]	[1584, 536, 1880]
